0 0.882812 0.920312 0.021875 0.046875
0 0.263281 0.357812 0.012500 0.028125
0 0.596484 0.060547 0.011719 0.025781
0 0.084766 0.114453 0.019531 0.042969
0 0.266016 0.633594 0.021094 0.045312
0 0.200391 0.482812 0.021094 0.045312
0 0.307422 0.861328 0.014844 0.030469
0 0.672656 0.710938 0.018750 0.040625
0 0.185547 0.738672 0.013281 0.028906
0 0.541797 0.169531 0.014844 0.031250
0 0.725391 0.546875 0.022656 0.046875
0 0.555469 0.451172 0.015625 0.033594
0 0.288281 0.074219 0.015625 0.034375
0 0.198047 0.424609 0.013281 0.028906
0 0.437500 0.020703 0.012500 0.027344
