0 0.568104 0.491023 0.003828 0.011399
0 0.596313 0.332288 0.003828 0.011969
0 0.256498 0.170419 0.003627 0.010829
0 0.962523 0.681391 0.003627 0.010829
0 0.494056 0.901966 0.004836 0.014819
0 0.074753 0.361072 0.005239 0.015959
0 0.585835 0.444429 0.003828 0.011684
0 0.849486 0.860787 0.003627 0.011114
0 0.883034 0.097749 0.004634 0.014249
0 0.189402 0.743374 0.003627 0.011114
0 0.583317 0.310060 0.004836 0.014819
0 0.216905 0.134939 0.003828 0.011684
0 0.080193 0.974067 0.004030 0.012539
0 0.831553 0.740382 0.004030 0.011969
0 0.416280 0.186805 0.004836 0.015104
