0 0.251953 0.530078 0.011719 0.025781
0 0.741797 0.471484 0.019531 0.042969
0 0.049219 0.397266 0.014063 0.030469
0 0.741406 0.232813 0.017188 0.037500
0 0.712500 0.518750 0.015625 0.034375
0 0.815625 0.289062 0.017188 0.037500
0 0.586719 0.689453 0.017188 0.035156
0 0.550781 0.729688 0.021875 0.046875
0 0.215625 0.804688 0.018750 0.040625
0 0.941016 0.355859 0.019531 0.042969
0 0.837109 0.505469 0.019531 0.042188
0 0.269531 0.593750 0.015625 0.034375
0 0.174219 0.483594 0.018750 0.040625
0 0.041797 0.932031 0.014844 0.032813
