0 0.394922 0.940625 0.016406 0.035937
0 0.957812 0.022266 0.020313 0.042969
0 0.383203 0.221094 0.014844 0.032813
0 0.305469 0.782422 0.015625 0.033594
0 0.800000 0.155859 0.015625 0.033594
0 0.601953 0.671875 0.013281 0.029687
0 0.335547 0.076953 0.019531 0.041406
0 0.013281 0.276562 0.014063 0.031250
0 0.198047 0.347656 0.017969 0.037500
0 0.340625 0.937109 0.015625 0.033594
0 0.755078 0.328906 0.014844 0.032813
0 0.117969 0.559766 0.012500 0.027344
0 0.505469 0.704688 0.020313 0.043750
0 0.640234 0.235547 0.014844 0.032031
0 0.779297 0.722656 0.019531 0.042188
0 0.768750 0.730078 0.012500 0.027344
0 0.872266 0.342578 0.017969 0.039844
0 0.625000 0.250000 0.018750 0.040625
0 0.853516 0.801172 0.021094 0.046094
0 0.537109 0.346875 0.016406 0.035937
0 0.100391 0.164062 0.021094 0.043750
0 0.441797 0.907813 0.016406 0.035937
0 0.495703 0.858984 0.016406 0.035156
0 0.527734 0.775391 0.017969 0.039844
0 0.742188 0.334375 0.021875 0.046875
0 0.787109 0.902344 0.021094 0.045312
0 0.792188 0.151953 0.021875 0.044531
0 0.492578 0.219922 0.019531 0.042969
0 0.550391 0.916797 0.016406 0.033594
0 0.023438 0.273047 0.020313 0.041406
