0 0.298828 0.766797 0.019531 0.041406
0 0.375391 0.151562 0.013281 0.028125
0 0.142578 0.635547 0.021094 0.044531
0 0.817969 0.735156 0.012500 0.028125
0 0.572266 0.153125 0.016406 0.035937
0 0.357812 0.555078 0.014063 0.030469
0 0.654687 0.968750 0.018750 0.040625
0 0.105469 0.874609 0.014063 0.028906
0 0.278906 0.247266 0.020313 0.044531
0 0.201172 0.379688 0.017969 0.039062
0 0.169922 0.832031 0.013281 0.028125
0 0.611719 0.053516 0.012500 0.025781
0 0.382812 0.164844 0.017188 0.037500
0 0.991016 0.203125 0.014844 0.031250
0 0.593750 0.351562 0.014063 0.029687
0 0.196875 0.688672 0.018750 0.039844
0 0.828125 0.042578 0.018750 0.039844
0 0.562500 0.363672 0.012500 0.027344
0 0.348047 0.924609 0.011719 0.025781
0 0.508984 0.535547 0.017969 0.039844
0 0.328516 0.605469 0.016406 0.035937
0 0.014063 0.777344 0.015625 0.034375
0 0.585547 0.975000 0.019531 0.040625
