0 0.842187 0.291797 0.020313 0.042969
0 0.675391 0.296094 0.011719 0.026562
0 0.546094 0.792969 0.021875 0.046875
0 0.480078 0.531641 0.021094 0.046094
0 0.758203 0.144531 0.017969 0.037500
0 0.270313 0.760938 0.015625 0.034375
0 0.585938 0.121875 0.014063 0.031250
0 0.114062 0.551953 0.015625 0.033594
0 0.067969 0.292578 0.012500 0.027344
0 0.890234 0.422266 0.021094 0.044531
0 0.299219 0.575000 0.012500 0.026562
0 0.030078 0.311719 0.021094 0.045312
0 0.671875 0.059375 0.015625 0.032813
0 0.625000 0.205859 0.017188 0.036719
0 0.417969 0.254688 0.021875 0.046875
0 0.464844 0.277344 0.017188 0.037500
0 0.290625 0.907422 0.020313 0.041406
0 0.845703 0.143359 0.019531 0.041406
0 0.407031 0.745703 0.014063 0.028906
0 0.675000 0.967969 0.012500 0.026562
0 0.394141 0.095703 0.016406 0.033594
0 0.689063 0.941797 0.018750 0.038281
0 0.570703 0.060156 0.014844 0.032813
0 0.353125 0.813672 0.021875 0.044531
0 0.562500 0.590234 0.018750 0.039844
0 0.721875 0.428906 0.012500 0.026562
