0 0.067969 0.946875 0.012500 0.026562
0 0.021875 0.399609 0.012500 0.025781
0 0.819922 0.284766 0.021094 0.044531
0 0.236719 0.337500 0.020313 0.043750
0 0.712109 0.323437 0.019531 0.042188
0 0.187500 0.669531 0.018750 0.040625
0 0.548438 0.614062 0.018750 0.040625
0 0.057422 0.220703 0.013281 0.028906
0 0.826562 0.287500 0.012500 0.026562
0 0.094922 0.705469 0.017969 0.039062
0 0.301172 0.404687 0.022656 0.046875
0 0.918359 0.317969 0.019531 0.042188
0 0.824219 0.975391 0.012500 0.027344
0 0.833594 0.207422 0.017188 0.035156
0 0.203516 0.822266 0.011719 0.025781
0 0.566016 0.546875 0.021094 0.045312
0 0.249219 0.632031 0.020313 0.043750
0 0.378516 0.048828 0.021094 0.046094
0 0.711328 0.473047 0.013281 0.028906
0 0.517969 0.067187 0.015625 0.034375
0 0.206641 0.257031 0.019531 0.042188
0 0.498437 0.962500 0.014063 0.031250
0 0.268359 0.292187 0.013281 0.029687
0 0.332813 0.719141 0.012500 0.027344
0 0.631641 0.339453 0.011719 0.025781
0 0.708984 0.521484 0.011719 0.025781
0 0.186328 0.114453 0.013281 0.028906
