0 0.802490 0.774015 0.008301 0.026261
0 0.471191 0.396337 0.011719 0.033863
0 0.326172 0.039046 0.010742 0.031099
0 0.277100 0.403939 0.010254 0.031099
0 0.348877 0.282999 0.009277 0.026952
0 0.625000 0.900138 0.010742 0.033863
0 0.292236 0.266413 0.011230 0.032481
0 0.774170 0.128196 0.012207 0.038010
0 0.458984 0.976849 0.010742 0.032481
0 0.496826 0.615411 0.008301 0.025570
0 0.126465 0.285764 0.011719 0.035245
0 0.542480 0.286109 0.009766 0.030408
0 0.591553 0.336558 0.012207 0.037319
0 0.657471 0.032827 0.012207 0.038010
0 0.086182 0.873531 0.009277 0.029026
