0 0.317969 0.847266 0.014063 0.030469
0 0.469531 0.932031 0.012500 0.028125
0 0.706641 0.021875 0.016406 0.035937
0 0.374219 0.193750 0.021875 0.046875
0 0.438672 0.805469 0.021094 0.045312
0 0.820703 0.924609 0.019531 0.041406
0 0.594922 0.078125 0.014844 0.032813
0 0.342969 0.039844 0.012500 0.026562
0 0.115625 0.067578 0.012500 0.027344
0 0.224219 0.701562 0.021875 0.046875
0 0.126953 0.895312 0.019531 0.042188
0 0.164844 0.888281 0.014063 0.029687
0 0.775781 0.157422 0.012500 0.027344
0 0.937500 0.313672 0.018750 0.041406
0 0.696094 0.248438 0.015625 0.032813
0 0.562500 0.605859 0.021875 0.044531
0 0.751172 0.051172 0.016406 0.035156
0 0.778125 0.164062 0.021875 0.046875
0 0.950000 0.459766 0.018750 0.041406
0 0.671484 0.728516 0.017969 0.038281
0 0.740234 0.071484 0.021094 0.046094
0 0.622656 0.706250 0.014063 0.029687
0 0.485547 0.578516 0.021094 0.046094
0 0.203125 0.193750 0.017188 0.037500
0 0.829297 0.967578 0.013281 0.027344
0 0.891406 0.280469 0.020313 0.043750
0 0.777734 0.883203 0.019531 0.041406
0 0.903516 0.980859 0.011719 0.025781
0 0.695312 0.954297 0.012500 0.027344
