0 0.896875 0.506641 0.018750 0.038281
0 0.210547 0.342969 0.014844 0.032813
0 0.394531 0.187891 0.018750 0.038281
0 0.317969 0.749219 0.017188 0.037500
0 0.450391 0.900781 0.021094 0.045312
0 0.383984 0.378516 0.017969 0.036719
0 0.407422 0.452344 0.019531 0.042188
0 0.498828 0.594531 0.017969 0.039062
0 0.199609 0.879297 0.017969 0.038281
0 0.979297 0.133203 0.021094 0.046094
0 0.709766 0.592578 0.021094 0.046094
0 0.225391 0.517188 0.019531 0.042188
0 0.670703 0.837891 0.019531 0.039844
0 0.412109 0.366406 0.016406 0.035937
