0 0.794922 0.885156 0.022656 0.046875
0 0.696875 0.644531 0.015625 0.032813
0 0.955859 0.544141 0.013281 0.028906
0 0.384375 0.260156 0.020313 0.043750
0 0.412891 0.457813 0.013281 0.028125
0 0.704688 0.017578 0.012500 0.025781
0 0.275391 0.318359 0.019531 0.042969
0 0.923828 0.228906 0.021094 0.045312
0 0.675781 0.896094 0.012500 0.026562
0 0.650000 0.858594 0.014063 0.028125
0 0.963281 0.849609 0.012500 0.027344
0 0.500391 0.479297 0.013281 0.028906
0 0.526172 0.330469 0.017969 0.037500
0 0.331250 0.525781 0.015625 0.032813
0 0.712891 0.794922 0.021094 0.046094
0 0.408984 0.726562 0.017969 0.039062
