0 0.113037 0.036628 0.010254 0.031790
0 0.449951 0.123359 0.012207 0.036628
0 0.791504 0.811334 0.011719 0.035936
0 0.505859 0.563234 0.011719 0.035936
0 0.516846 0.668625 0.009277 0.028334
0 0.965088 0.215964 0.008301 0.025570
0 0.133057 0.748100 0.010254 0.031099
0 0.799316 0.612992 0.010742 0.033172
0 0.574707 0.971666 0.008789 0.026261
0 0.185303 0.895992 0.012207 0.038010
0 0.950195 0.635798 0.011719 0.035936
0 0.415039 0.625086 0.011719 0.033863
0 0.278564 0.349689 0.009277 0.029026
0 0.312744 0.636835 0.009277 0.028334
