0 0.726172 0.926953 0.019531 0.039844
0 0.596484 0.863672 0.014844 0.032031
0 0.509375 0.718359 0.021875 0.046094
0 0.412500 0.241406 0.020313 0.043750
0 0.687891 0.128516 0.014844 0.030469
0 0.496875 0.122656 0.014063 0.029687
0 0.591797 0.392969 0.017969 0.039062
0 0.857031 0.780859 0.018750 0.038281
0 0.343750 0.968359 0.014063 0.030469
0 0.169531 0.729688 0.014063 0.031250
0 0.151953 0.727344 0.017969 0.039062
0 0.673828 0.701562 0.021094 0.045312
0 0.659766 0.113672 0.022656 0.046094
0 0.484766 0.771094 0.021094 0.043750
0 0.890625 0.678906 0.012500 0.026562
