0 0.126562 0.296875 0.018750 0.040625
0 0.971484 0.642969 0.017969 0.039062
0 0.931250 0.881641 0.020313 0.041406
0 0.574219 0.444922 0.018750 0.039844
0 0.138281 0.973047 0.014063 0.030469
0 0.221094 0.159766 0.014063 0.030469
0 0.397656 0.186328 0.014063 0.028906
0 0.869531 0.319531 0.020313 0.043750
0 0.784375 0.610938 0.012500 0.026562
0 0.892578 0.592578 0.013281 0.028906
0 0.794141 0.278906 0.017969 0.039062
0 0.985156 0.873047 0.020313 0.044531
0 0.402734 0.909375 0.017969 0.039062
0 0.102344 0.302344 0.012500 0.025000
0 0.739062 0.196094 0.021875 0.046875
0 0.918750 0.749609 0.014063 0.030469
0 0.651172 0.725781 0.017969 0.037500
0 0.068359 0.413672 0.017969 0.038281
0 0.986719 0.471094 0.021875 0.046875
0 0.764062 0.533594 0.018750 0.039062
0 0.694141 0.972656 0.021094 0.045312
