0 0.187500 0.542969 0.015625 0.031250
0 0.714844 0.947656 0.021875 0.046875
0 0.559375 0.601953 0.012500 0.027344
0 0.246094 0.200781 0.020313 0.043750
0 0.201172 0.294531 0.016406 0.035937
0 0.896094 0.351953 0.014063 0.030469
0 0.418359 0.729688 0.016406 0.035937
0 0.637109 0.466797 0.013281 0.028906
0 0.252344 0.224219 0.014063 0.029687
0 0.492969 0.557031 0.014063 0.031250
0 0.855859 0.314844 0.017969 0.039062
0 0.462109 0.551562 0.016406 0.035937
0 0.388672 0.720703 0.016406 0.035156
0 0.267969 0.879297 0.017188 0.038281
0 0.235937 0.750391 0.015625 0.033594
0 0.945703 0.035937 0.016406 0.034375
0 0.907813 0.783203 0.012500 0.027344
0 0.181250 0.204687 0.018750 0.040625
0 0.972266 0.166406 0.017969 0.039062
0 0.387500 0.351953 0.017188 0.036719
0 0.269531 0.770312 0.020313 0.043750
0 0.281250 0.862891 0.012500 0.027344
0 0.344922 0.588672 0.021094 0.044531
0 0.329688 0.266016 0.017188 0.036719
