0 0.511328 0.435156 0.013281 0.028125
0 0.669922 0.901953 0.019531 0.041406
0 0.393359 0.069922 0.016406 0.035156
0 0.209375 0.880078 0.015625 0.033594
0 0.048828 0.765625 0.017969 0.039062
0 0.160547 0.653516 0.017969 0.039844
0 0.249219 0.934375 0.012500 0.028125
0 0.694141 0.244922 0.014844 0.030469
0 0.821094 0.846875 0.012500 0.026562
0 0.435156 0.908984 0.018750 0.039844
0 0.818359 0.721484 0.019531 0.041406
0 0.769922 0.678516 0.021094 0.046094
0 0.362891 0.037109 0.019531 0.041406
0 0.323047 0.608984 0.014844 0.032031
