0 0.454665 0.308777 0.005440 0.015674
0 0.516321 0.713166 0.003828 0.011684
0 0.790953 0.503705 0.003828 0.011684
0 0.326012 0.244799 0.004836 0.014819
0 0.462825 0.253918 0.004433 0.013679
0 0.131674 0.240382 0.004231 0.012824
0 0.809289 0.489598 0.004231 0.012539
0 0.444388 0.471644 0.004231 0.013109
0 0.385049 0.649900 0.004030 0.012254
0 0.017630 0.344258 0.004231 0.012539
0 0.207536 0.576233 0.005239 0.015389
0 0.113540 0.815047 0.004231 0.013109
0 0.357848 0.183813 0.004836 0.014819
0 0.048761 0.371473 0.003627 0.011114
0 0.004231 0.816472 0.003627 0.010829
