0 0.023047 0.557422 0.014844 0.032031
0 0.387500 0.788281 0.015625 0.034375
0 0.106641 0.246094 0.014844 0.032813
0 0.873828 0.857422 0.014844 0.032031
0 0.666016 0.078906 0.013281 0.028125
0 0.244141 0.460938 0.017969 0.039062
0 0.436328 0.225000 0.019531 0.042188
0 0.532422 0.486328 0.011719 0.025781
0 0.961328 0.839844 0.019531 0.042188
0 0.342969 0.238281 0.014063 0.029687
0 0.957422 0.209375 0.013281 0.029687
0 0.281641 0.880859 0.016406 0.035156
0 0.045703 0.181641 0.016406 0.035156
0 0.415234 0.167969 0.017969 0.039062
0 0.396094 0.471875 0.012500 0.028125
0 0.180859 0.781250 0.016406 0.035937
0 0.270313 0.483203 0.012500 0.027344
0 0.159766 0.342969 0.016406 0.035937
0 0.448047 0.367969 0.017969 0.039062
0 0.866016 0.887891 0.013281 0.028906
0 0.252734 0.925000 0.014844 0.031250
0 0.571484 0.970703 0.013281 0.027344
0 0.277344 0.167187 0.021875 0.046875
0 0.664453 0.479297 0.016406 0.035156
