0 0.669922 0.962109 0.014844 0.032031
0 0.076953 0.535547 0.019531 0.041406
0 0.543359 0.043750 0.016406 0.035937
0 0.943359 0.763672 0.014844 0.032031
0 0.678906 0.323047 0.020313 0.044531
0 0.326172 0.920312 0.016406 0.035937
0 0.412891 0.590234 0.014844 0.032031
0 0.425000 0.648828 0.012500 0.027344
0 0.473828 0.264453 0.021094 0.046094
0 0.350000 0.419922 0.017188 0.036719
0 0.249219 0.423438 0.015625 0.032813
0 0.257812 0.771875 0.014063 0.031250
0 0.382031 0.032031 0.020313 0.043750
0 0.660547 0.376172 0.019531 0.042969
0 0.266016 0.961328 0.014844 0.032031
0 0.555469 0.648438 0.021875 0.046875
0 0.925000 0.366016 0.012500 0.027344
0 0.170703 0.236328 0.014844 0.032031
0 0.710156 0.419531 0.015625 0.034375
0 0.759375 0.963672 0.015625 0.032031
0 0.662891 0.968750 0.014844 0.032813
0 0.941016 0.658984 0.014844 0.032031
0 0.689063 0.703906 0.021875 0.046875
0 0.014453 0.503906 0.019531 0.042188
