0 0.991016 0.418750 0.014844 0.032813
0 0.526953 0.963281 0.011719 0.026562
0 0.802734 0.676172 0.017969 0.038281
0 0.914453 0.474219 0.014844 0.032813
0 0.473047 0.168750 0.013281 0.028125
0 0.469922 0.537891 0.016406 0.033594
0 0.346484 0.935547 0.019531 0.041406
0 0.350391 0.887891 0.013281 0.028906
0 0.446484 0.792969 0.016406 0.034375
0 0.558984 0.352734 0.021094 0.046094
0 0.645703 0.158984 0.019531 0.042969
0 0.564453 0.664062 0.013281 0.029687
0 0.278125 0.932422 0.015625 0.033594
0 0.433594 0.743750 0.020313 0.043750
0 0.301563 0.578906 0.015625 0.034375
0 0.255078 0.485156 0.013281 0.029687
0 0.388672 0.903516 0.021094 0.046094
0 0.487109 0.684766 0.011719 0.025781
0 0.463281 0.044531 0.014063 0.031250
0 0.591016 0.880859 0.014844 0.032031
0 0.489453 0.121094 0.021094 0.043750
0 0.415625 0.627344 0.015625 0.034375
0 0.849219 0.491406 0.020313 0.043750
0 0.534766 0.179297 0.011719 0.025781
