0 0.202344 0.580078 0.014063 0.028906
0 0.519922 0.582812 0.016406 0.035937
0 0.320703 0.215234 0.017969 0.038281
0 0.949219 0.939844 0.020313 0.043750
0 0.776563 0.471094 0.020313 0.043750
0 0.507812 0.935937 0.017188 0.037500
0 0.260937 0.580859 0.015625 0.033594
0 0.714844 0.147656 0.020313 0.043750
0 0.810547 0.963672 0.017969 0.038281
0 0.666016 0.602734 0.016406 0.035156
0 0.129297 0.799219 0.019531 0.042188
0 0.016406 0.776953 0.021875 0.044531
0 0.282031 0.193750 0.012500 0.028125
0 0.596094 0.023828 0.014063 0.030469
0 0.728906 0.671094 0.012500 0.026562
0 0.941797 0.898438 0.019531 0.042188
0 0.833203 0.884375 0.016406 0.035937
0 0.464062 0.154297 0.017188 0.035156
0 0.427734 0.225781 0.011719 0.026562
0 0.113672 0.644141 0.019531 0.042969
0 0.552344 0.369141 0.020313 0.044531
0 0.398438 0.531250 0.014063 0.031250
0 0.923438 0.755469 0.014063 0.029687
0 0.923438 0.964453 0.015625 0.033594
0 0.747656 0.626953 0.017188 0.036719
0 0.111719 0.980859 0.012500 0.027344
0 0.710938 0.459375 0.014063 0.029687
0 0.968750 0.571875 0.020313 0.043750
0 0.770703 0.790234 0.014844 0.032031
0 0.096875 0.233203 0.018750 0.039844
