0 0.958594 0.692187 0.017188 0.035937
0 0.764062 0.253516 0.012500 0.027344
0 0.579688 0.368750 0.020313 0.043750
0 0.738281 0.287500 0.015625 0.034375
0 0.256250 0.190234 0.017188 0.036719
0 0.266797 0.536719 0.016406 0.035937
0 0.973828 0.164062 0.014844 0.032813
0 0.543750 0.178906 0.020313 0.043750
0 0.428906 0.713281 0.018750 0.040625
0 0.379297 0.657031 0.021094 0.045312
0 0.953125 0.682422 0.014063 0.030469
0 0.355078 0.016016 0.014844 0.032031
0 0.974219 0.160156 0.012500 0.028125
0 0.676172 0.298828 0.016406 0.035156
0 0.628516 0.112500 0.014844 0.031250
0 0.325391 0.728516 0.021094 0.046094
0 0.612891 0.728516 0.011719 0.025781
0 0.735938 0.831250 0.012500 0.026562
