0 0.348828 0.230078 0.014844 0.032031
0 0.368750 0.637891 0.020313 0.044531
0 0.927344 0.876172 0.014063 0.030469
0 0.175391 0.052344 0.013281 0.029687
0 0.176563 0.891797 0.014063 0.030469
0 0.541016 0.800391 0.013281 0.028906
0 0.048047 0.577734 0.019531 0.041406
0 0.713281 0.887891 0.021875 0.047656
0 0.288281 0.876563 0.020313 0.043750
0 0.190625 0.430469 0.012500 0.026562
0 0.186719 0.793750 0.020313 0.043750
0 0.682422 0.035937 0.019531 0.042188
0 0.841797 0.384766 0.021094 0.042969
0 0.446875 0.943750 0.017188 0.037500
0 0.453125 0.984766 0.014063 0.030469
0 0.656641 0.576562 0.016406 0.035937
0 0.903125 0.692969 0.014063 0.031250
0 0.125781 0.387109 0.020313 0.044531
0 0.574219 0.405078 0.018750 0.041406
0 0.748047 0.937109 0.013281 0.028906
0 0.875781 0.447266 0.021875 0.046094
0 0.286328 0.703125 0.016406 0.034375
0 0.341016 0.576172 0.017969 0.038281
0 0.049609 0.119922 0.021094 0.046094
0 0.774609 0.933594 0.022656 0.046875
0 0.652734 0.417969 0.019531 0.042188
0 0.466406 0.827734 0.015625 0.033594
0 0.870703 0.711328 0.017969 0.038281
