0 0.140625 0.373437 0.018750 0.040625
0 0.422656 0.521094 0.014063 0.029687
0 0.902734 0.891406 0.011719 0.026562
0 0.534766 0.832812 0.013281 0.029687
0 0.308984 0.757812 0.017969 0.039062
0 0.954688 0.426563 0.015625 0.034375
0 0.847656 0.952344 0.015625 0.034375
0 0.744141 0.340625 0.016406 0.034375
0 0.783203 0.921094 0.021094 0.043750
0 0.414453 0.942969 0.019531 0.042188
0 0.066406 0.756641 0.017188 0.036719
0 0.493750 0.563672 0.014063 0.030469
0 0.729688 0.021094 0.012500 0.026562
0 0.012891 0.653906 0.016406 0.035937
0 0.341016 0.142969 0.013281 0.028125
0 0.978516 0.770312 0.019531 0.042188
0 0.829297 0.592187 0.019531 0.042188
0 0.217969 0.092578 0.015625 0.033594
0 0.551953 0.469922 0.022656 0.047656
0 0.127344 0.628125 0.012500 0.026562
0 0.271484 0.346484 0.021094 0.044531
0 0.555078 0.900000 0.016406 0.035937
0 0.117969 0.904687 0.012500 0.026562
0 0.976172 0.479687 0.021094 0.045312
0 0.398828 0.923438 0.017969 0.039062
0 0.572266 0.759375 0.011719 0.026562
0 0.756250 0.736328 0.012500 0.027344
0 0.224219 0.932031 0.012500 0.026562
