0 0.697965 0.722001 0.004433 0.012824
0 0.169051 0.765888 0.004836 0.014534
0 0.111223 0.893559 0.004836 0.015104
0 0.989019 0.638786 0.005037 0.015674
0 0.565082 0.552009 0.004634 0.013679
0 0.970784 0.409946 0.004836 0.014534
0 0.173383 0.801225 0.004231 0.012824
0 0.169655 0.250071 0.005239 0.015674
0 0.798912 0.519664 0.004030 0.012254
0 0.004937 0.030636 0.004634 0.013964
0 0.982571 0.218866 0.003828 0.011969
0 0.529115 0.846110 0.004433 0.013679
0 0.786520 0.235252 0.005440 0.015674
0 0.846061 0.819607 0.005239 0.015959
