0 0.528125 0.481641 0.018750 0.039844
0 0.384766 0.629687 0.021094 0.045312
0 0.610938 0.608203 0.018750 0.039844
0 0.357422 0.935937 0.013281 0.028125
0 0.283984 0.105469 0.014844 0.031250
0 0.889062 0.232422 0.012500 0.025781
0 0.195312 0.352344 0.017188 0.037500
0 0.727734 0.593359 0.016406 0.033594
0 0.129297 0.730078 0.019531 0.041406
0 0.931250 0.786719 0.014063 0.029687
0 0.710156 0.611328 0.014063 0.030469
0 0.436328 0.914844 0.021094 0.043750
0 0.796094 0.879687 0.020313 0.043750
0 0.510547 0.780078 0.016406 0.035156
0 0.960547 0.363281 0.013281 0.028125
0 0.631641 0.489063 0.017969 0.037500
0 0.903125 0.875391 0.017188 0.036719
0 0.411719 0.452734 0.018750 0.041406
0 0.756250 0.610156 0.021875 0.046875
0 0.385937 0.374609 0.020313 0.042969
0 0.687500 0.389453 0.012500 0.027344
0 0.741406 0.662500 0.020313 0.043750
0 0.360156 0.677734 0.012500 0.027344
0 0.258984 0.322656 0.016406 0.035937
0 0.222656 0.964063 0.012500 0.028125
