0 0.227734 0.119141 0.011719 0.025781
0 0.742188 0.558203 0.018750 0.039844
0 0.139844 0.052344 0.017188 0.037500
0 0.151562 0.572266 0.020313 0.044531
0 0.281250 0.643750 0.015625 0.034375
0 0.633984 0.364844 0.017969 0.039062
0 0.856641 0.424219 0.014844 0.032813
0 0.625391 0.230859 0.019531 0.041406
0 0.816016 0.769922 0.014844 0.030469
0 0.028516 0.215625 0.013281 0.029687
0 0.725781 0.843359 0.018750 0.038281
0 0.796094 0.913672 0.020313 0.044531
0 0.360547 0.128906 0.014844 0.032813
0 0.438281 0.617578 0.015625 0.033594
0 0.199609 0.455078 0.014844 0.030469
0 0.251953 0.559375 0.022656 0.046875
0 0.032031 0.470703 0.018750 0.039844
0 0.006250 0.071484 0.012500 0.027344
0 0.214453 0.386328 0.016406 0.035156
0 0.909766 0.805469 0.016406 0.034375
0 0.563672 0.741797 0.013281 0.028906
0 0.610547 0.723828 0.013281 0.028906
0 0.370703 0.916797 0.019531 0.041406
0 0.374609 0.681641 0.013281 0.028906
0 0.651953 0.779297 0.014844 0.032031
0 0.969922 0.533984 0.017969 0.038281
