0 0.369531 0.057422 0.017188 0.035156
0 0.644922 0.028906 0.014844 0.032813
0 0.350781 0.251172 0.012500 0.027344
0 0.222266 0.557422 0.017969 0.039844
0 0.979297 0.501563 0.017969 0.039062
0 0.789062 0.288281 0.015625 0.034375
0 0.906641 0.025000 0.019531 0.042188
0 0.254297 0.583984 0.013281 0.027344
0 0.566016 0.471484 0.019531 0.039844
0 0.672656 0.571484 0.014063 0.030469
0 0.854688 0.041406 0.021875 0.046875
0 0.030469 0.264453 0.014063 0.030469
0 0.509375 0.027344 0.018750 0.040625
0 0.473828 0.776172 0.013281 0.028906
0 0.558203 0.240625 0.017969 0.039062
0 0.539062 0.827734 0.012500 0.027344
0 0.826562 0.157812 0.017188 0.035937
0 0.047656 0.433984 0.015625 0.032031
0 0.298828 0.952734 0.021094 0.046094
0 0.824219 0.083594 0.017188 0.037500
0 0.307812 0.944922 0.014063 0.030469
0 0.034766 0.668359 0.019531 0.042969
0 0.385937 0.105859 0.014063 0.030469
