0 0.299609 0.706641 0.017969 0.038281
0 0.789844 0.888672 0.012500 0.027344
0 0.438672 0.453516 0.019531 0.042969
0 0.919141 0.523438 0.013281 0.028125
0 0.204687 0.106250 0.018750 0.040625
0 0.873437 0.689453 0.012500 0.027344
0 0.308594 0.764453 0.020313 0.044531
0 0.160156 0.908203 0.014063 0.030469
0 0.758984 0.419922 0.019531 0.041406
0 0.631641 0.460547 0.011719 0.025781
0 0.276953 0.529297 0.016406 0.035156
0 0.331641 0.780469 0.019531 0.040625
0 0.143750 0.561719 0.018750 0.039062
0 0.719531 0.447266 0.012500 0.027344
0 0.464062 0.985547 0.012500 0.025781
0 0.368359 0.897656 0.014844 0.032813
0 0.750000 0.484766 0.017188 0.036719
0 0.024609 0.375391 0.021094 0.046094
0 0.369531 0.823438 0.017188 0.037500
0 0.289844 0.846094 0.018750 0.039062
0 0.507422 0.245312 0.013281 0.029687
0 0.726562 0.665625 0.015625 0.032813
0 0.086719 0.324219 0.018750 0.039062
