0 0.332813 0.107422 0.017188 0.036719
0 0.564844 0.503516 0.021875 0.044531
0 0.185156 0.709375 0.012500 0.026562
0 0.337109 0.967187 0.019531 0.042188
0 0.523047 0.448047 0.014844 0.032031
0 0.137500 0.405469 0.017188 0.037500
0 0.453125 0.044922 0.015625 0.033594
0 0.344922 0.882422 0.021094 0.046094
0 0.766016 0.662109 0.017969 0.038281
0 0.823047 0.948828 0.013281 0.028906
0 0.847656 0.848047 0.017188 0.038281
0 0.219141 0.576953 0.016406 0.035156
0 0.025781 0.064062 0.021875 0.046875
0 0.830859 0.355078 0.016406 0.035156
0 0.140234 0.653516 0.021094 0.044531
0 0.355078 0.194922 0.013281 0.028906
0 0.117969 0.859766 0.014063 0.030469
0 0.022266 0.651953 0.017969 0.036719
0 0.672266 0.094922 0.017969 0.038281
0 0.662500 0.803906 0.012500 0.026562
0 0.790625 0.200391 0.017188 0.036719
0 0.367578 0.098437 0.017969 0.039062
0 0.418750 0.861719 0.021875 0.046875
0 0.670703 0.307031 0.021094 0.045312
0 0.391016 0.270313 0.016406 0.035937
