0 0.399758 0.562981 0.004433 0.013394
0 0.513500 0.431604 0.003828 0.011684
0 0.674491 0.376603 0.004231 0.012824
0 0.524481 0.861926 0.004030 0.012254
0 0.455571 0.266743 0.004030 0.012539
0 0.497179 0.561129 0.005037 0.015389
0 0.174491 0.020661 0.003627 0.011114
0 0.524380 0.555714 0.005037 0.015389
0 0.501511 0.220576 0.004836 0.014819
0 0.039492 0.040325 0.003627 0.011114
0 0.507254 0.279567 0.005037 0.015389
0 0.731110 0.738672 0.004231 0.013109
0 0.382430 0.407808 0.004433 0.013679
0 0.558130 0.520661 0.004030 0.011969
