0 0.386328 0.033203 0.016406 0.035156
0 0.104297 0.438672 0.016406 0.035156
0 0.495312 0.566797 0.015625 0.033594
0 0.051953 0.151562 0.013281 0.029687
0 0.107031 0.207422 0.015625 0.033594
0 0.519922 0.678125 0.021094 0.045312
0 0.500391 0.582422 0.014844 0.030469
0 0.250781 0.585156 0.020313 0.043750
0 0.930469 0.775391 0.015625 0.033594
0 0.791406 0.169531 0.021875 0.046875
0 0.807813 0.539844 0.020313 0.043750
0 0.849609 0.055469 0.013281 0.029687
0 0.271094 0.636328 0.020313 0.044531
0 0.601562 0.090625 0.015625 0.034375
0 0.116016 0.348047 0.017969 0.038281
0 0.678125 0.689063 0.021875 0.046875
0 0.616016 0.252734 0.014844 0.032031
0 0.632422 0.387109 0.011719 0.025781
0 0.388281 0.761719 0.017188 0.035937
0 0.981250 0.980469 0.012500 0.026562
0 0.795703 0.617578 0.017969 0.039844
