0 0.910937 0.061328 0.014063 0.030469
0 0.956641 0.295703 0.017969 0.039844
0 0.564844 0.694922 0.014063 0.028906
0 0.793359 0.130859 0.017969 0.039844
0 0.705469 0.548047 0.017188 0.036719
0 0.745313 0.628906 0.014063 0.031250
0 0.242969 0.528906 0.017188 0.037500
0 0.842187 0.501953 0.012500 0.027344
0 0.337500 0.682031 0.012500 0.028125
0 0.177344 0.366797 0.018750 0.041406
0 0.235937 0.192188 0.012500 0.026562
0 0.255859 0.487891 0.019531 0.041406
0 0.820312 0.053516 0.020313 0.044531
0 0.951172 0.505469 0.016406 0.035937
0 0.617188 0.847656 0.017188 0.037500
0 0.902344 0.897266 0.017188 0.036719
0 0.029297 0.350000 0.013281 0.028125
0 0.180859 0.476953 0.019531 0.041406
0 0.358594 0.859766 0.014063 0.030469
0 0.239063 0.269141 0.012500 0.027344
0 0.575781 0.920312 0.015625 0.032813
0 0.386328 0.648438 0.014844 0.032813
0 0.916406 0.563672 0.018750 0.039844
0 0.225781 0.756250 0.020313 0.042188
0 0.967969 0.939844 0.017188 0.037500
0 0.132812 0.248438 0.012500 0.028125
0 0.919141 0.057422 0.013281 0.028906
0 0.843359 0.891406 0.022656 0.046875
0 0.937500 0.554297 0.020313 0.044531
0 0.350781 0.378516 0.020313 0.044531
