0 0.240177 0.442291 0.003627 0.010829
0 0.084828 0.451553 0.004030 0.012254
0 0.665726 0.839698 0.004030 0.012254
0 0.869635 0.983329 0.003627 0.011114
0 0.144469 0.588772 0.004433 0.013109
0 0.711969 0.604731 0.003425 0.010829
0 0.128854 0.297378 0.004634 0.014534
0 0.078582 0.917213 0.004030 0.012254
0 0.286319 0.929182 0.004836 0.015104
0 0.303143 0.986036 0.005037 0.015389
0 0.438444 0.731690 0.004433 0.013394
0 0.137115 0.137646 0.005037 0.015389
0 0.417691 0.883158 0.005239 0.015959
0 0.927060 0.805215 0.004030 0.011684
