0 0.784180 0.174499 0.010742 0.032481
0 0.870850 0.482377 0.010254 0.031790
0 0.887451 0.468210 0.008301 0.025570
0 0.933350 0.263994 0.009277 0.029026
0 0.218994 0.248791 0.010254 0.031790
0 0.669434 0.634416 0.011719 0.035936
0 0.407715 0.784036 0.008789 0.026952
0 0.463867 0.738424 0.010742 0.032481
0 0.803955 0.445059 0.012207 0.037319
0 0.738037 0.788874 0.011230 0.035245
0 0.784424 0.616102 0.011230 0.032481
0 0.298584 0.476503 0.012207 0.036628
0 0.206543 0.503801 0.010742 0.033172
0 0.509277 0.803732 0.008789 0.026261
