0 0.801172 0.754297 0.021094 0.044531
0 0.189453 0.559766 0.019531 0.042969
0 0.083984 0.182812 0.019531 0.042188
0 0.483594 0.060937 0.017188 0.037500
0 0.655078 0.645703 0.016406 0.035156
0 0.656641 0.535937 0.019531 0.042188
0 0.086328 0.471875 0.016406 0.035937
0 0.965625 0.868359 0.017188 0.036719
0 0.559375 0.414453 0.020313 0.041406
0 0.158594 0.781641 0.014063 0.030469
0 0.760938 0.569531 0.014063 0.031250
0 0.803516 0.787109 0.014844 0.032031
0 0.501172 0.441016 0.017969 0.036719
0 0.485547 0.480078 0.019531 0.042969
0 0.771094 0.710547 0.015625 0.033594
0 0.693359 0.369922 0.019531 0.039844
0 0.907422 0.181250 0.022656 0.046875
0 0.264453 0.542969 0.013281 0.028125
0 0.114844 0.409375 0.017188 0.037500
