0 0.430859 0.389844 0.013281 0.028125
0 0.619141 0.573438 0.019531 0.042188
0 0.905469 0.296875 0.020313 0.043750
0 0.216406 0.372266 0.015625 0.033594
0 0.131641 0.344141 0.022656 0.046094
0 0.221484 0.479687 0.017969 0.037500
0 0.708594 0.037109 0.014063 0.030469
0 0.907422 0.510547 0.021094 0.046094
0 0.990625 0.475391 0.017188 0.035156
0 0.748828 0.292969 0.014844 0.032813
0 0.494922 0.337891 0.013281 0.027344
0 0.449609 0.444531 0.022656 0.046875
0 0.365234 0.888281 0.014844 0.031250
0 0.753906 0.606641 0.014063 0.028906
0 0.167969 0.605859 0.017188 0.036719
0 0.181641 0.919922 0.013281 0.027344
0 0.896875 0.026172 0.018750 0.041406
0 0.020703 0.541797 0.019531 0.041406
0 0.592578 0.937500 0.014844 0.031250
0 0.949219 0.317969 0.012500 0.026562
0 0.097266 0.443750 0.017969 0.039062
0 0.857812 0.603125 0.015625 0.034375
0 0.071094 0.201172 0.014063 0.030469
0 0.767188 0.824219 0.018750 0.040625
