0 0.457813 0.682031 0.014063 0.031250
0 0.563281 0.134766 0.021875 0.046094
0 0.780859 0.716797 0.014844 0.032031
0 0.523828 0.547266 0.017969 0.038281
0 0.917969 0.239453 0.012500 0.027344
0 0.900000 0.278516 0.018750 0.039844
0 0.664844 0.673047 0.018750 0.041406
0 0.834375 0.217578 0.014063 0.030469
0 0.360938 0.532031 0.018750 0.039062
0 0.142187 0.476172 0.014063 0.030469
0 0.889844 0.070703 0.015625 0.033594
0 0.169141 0.210156 0.013281 0.028125
0 0.753906 0.643750 0.014063 0.029687
0 0.562891 0.087109 0.013281 0.028906
