0 0.836328 0.129297 0.021094 0.042969
0 0.224609 0.725781 0.013281 0.029687
0 0.389062 0.305469 0.014063 0.029687
0 0.757422 0.962500 0.014844 0.032813
0 0.128516 0.362500 0.017969 0.039062
0 0.352344 0.079687 0.012500 0.026562
0 0.744922 0.493359 0.016406 0.035156
0 0.643750 0.810156 0.020313 0.043750
0 0.245703 0.528125 0.014844 0.031250
0 0.299609 0.463672 0.019531 0.042969
0 0.232031 0.950000 0.018750 0.040625
0 0.387109 0.052734 0.016406 0.035156
0 0.307812 0.950391 0.012500 0.025781
0 0.478125 0.373047 0.012500 0.027344
0 0.819531 0.336328 0.018750 0.039844
0 0.628516 0.380078 0.019531 0.041406
