0 0.151562 0.391016 0.012500 0.027344
0 0.869922 0.738281 0.016406 0.035937
0 0.464844 0.379688 0.017188 0.037500
0 0.080859 0.104688 0.017969 0.039062
0 0.904687 0.857812 0.014063 0.031250
0 0.051172 0.396094 0.017969 0.039062
0 0.891406 0.812109 0.012500 0.027344
0 0.723828 0.626172 0.013281 0.028906
0 0.732422 0.870313 0.016406 0.035937
0 0.525781 0.177344 0.017188 0.037500
0 0.687891 0.857812 0.011719 0.025000
0 0.644922 0.662500 0.021094 0.045312
0 0.650391 0.201563 0.014844 0.029687
0 0.174219 0.794531 0.014063 0.029687
0 0.637891 0.365234 0.022656 0.046094
0 0.745703 0.816797 0.014844 0.030469
0 0.902344 0.685156 0.015625 0.034375
0 0.593750 0.922656 0.018750 0.040625
0 0.628125 0.469531 0.015625 0.032813
0 0.151172 0.632031 0.019531 0.042188
0 0.088672 0.687500 0.016406 0.034375
0 0.369531 0.295312 0.014063 0.029687
0 0.580078 0.108203 0.014844 0.032031
0 0.296875 0.222266 0.018750 0.041406
0 0.289844 0.601172 0.021875 0.047656
