0 0.038283 0.403961 0.004836 0.015104
0 0.710760 0.563978 0.004231 0.013109
0 0.802136 0.628669 0.004030 0.012539
0 0.027302 0.154032 0.004231 0.012824
0 0.862785 0.681391 0.004836 0.014819
0 0.270099 0.023368 0.005037 0.015389
0 0.306871 0.064548 0.004836 0.014534
0 0.151018 0.079510 0.004231 0.013109
0 0.322285 0.533200 0.003425 0.010829
0 0.845053 0.380878 0.004030 0.012254
0 0.646585 0.211314 0.005239 0.015674
0 0.565585 0.296666 0.004030 0.012539
0 0.728894 0.307353 0.005037 0.015104
0 0.692726 0.079367 0.004433 0.013394
0 0.826415 0.319749 0.004634 0.014249
