0 0.960449 0.352108 0.012695 0.036628
0 0.530762 0.930200 0.011719 0.035936
0 0.235352 0.159641 0.012695 0.038701
0 0.029053 0.355909 0.010254 0.030408
0 0.985352 0.135107 0.011719 0.035245
0 0.949219 0.905667 0.009766 0.028334
0 0.823730 0.893573 0.009766 0.029026
0 0.729980 0.940567 0.010742 0.033172
0 0.390625 0.884589 0.008789 0.027643
0 0.386475 0.901520 0.010254 0.031099
0 0.385498 0.043884 0.012207 0.038010
0 0.927002 0.675190 0.009277 0.029026
0 0.920654 0.437111 0.009277 0.028334
0 0.081787 0.506911 0.009277 0.028334
