0 0.312109 0.042578 0.013281 0.028906
0 0.398438 0.266797 0.018750 0.039844
0 0.866797 0.240625 0.022656 0.046875
0 0.616406 0.894922 0.018750 0.039844
0 0.874219 0.221094 0.020313 0.043750
0 0.347266 0.038281 0.014844 0.031250
0 0.799609 0.936719 0.016406 0.035937
0 0.887500 0.216406 0.012500 0.026562
0 0.450000 0.041406 0.020313 0.043750
0 0.785156 0.152734 0.021875 0.046094
0 0.985156 0.395703 0.014063 0.030469
0 0.475000 0.803125 0.017188 0.037500
0 0.994141 0.908984 0.011719 0.025781
0 0.133203 0.616797 0.014844 0.032031
0 0.402344 0.814063 0.017188 0.037500
0 0.753125 0.238281 0.012500 0.026562
0 0.118359 0.581250 0.014844 0.032813
0 0.100000 0.307422 0.020313 0.041406
