0 0.967459 0.092192 0.004231 0.012824
0 0.941769 0.115417 0.005239 0.015389
0 0.688394 0.408663 0.004231 0.012539
0 0.936530 0.133941 0.004030 0.011969
0 0.486299 0.401539 0.004231 0.012539
0 0.369232 0.369051 0.005037 0.015389
0 0.243099 0.705614 0.003828 0.011969
0 0.386158 0.124964 0.005037 0.015674
0 0.205017 0.543460 0.005037 0.015389
0 0.534153 0.060986 0.004030 0.012539
0 0.769796 0.281847 0.003425 0.010829
0 0.290248 0.131519 0.005037 0.015674
0 0.327524 0.660160 0.004634 0.013964
0 0.741991 0.930465 0.004231 0.012539
