0 0.074219 0.830859 0.018750 0.041406
0 0.718359 0.303125 0.021094 0.045312
0 0.751953 0.058203 0.019531 0.042969
0 0.134375 0.484766 0.018750 0.039844
0 0.138672 0.230469 0.021094 0.045312
0 0.429688 0.761328 0.020313 0.042969
0 0.814063 0.836719 0.018750 0.040625
0 0.152344 0.570312 0.017188 0.037500
0 0.286328 0.360547 0.016406 0.035156
0 0.118750 0.882812 0.014063 0.031250
0 0.044141 0.059766 0.019531 0.039844
0 0.880859 0.892969 0.014844 0.031250
0 0.732812 0.103516 0.012500 0.025781
0 0.763672 0.656641 0.017969 0.036719
0 0.571094 0.947266 0.020313 0.044531
0 0.533594 0.302344 0.015625 0.034375
0 0.728516 0.372266 0.014844 0.032031
0 0.771875 0.566016 0.015625 0.033594
0 0.225391 0.383984 0.013281 0.028906
0 0.848437 0.685547 0.020313 0.042969
0 0.300781 0.709375 0.020313 0.043750
0 0.697656 0.392969 0.014063 0.029687
0 0.754687 0.292578 0.017188 0.036719
0 0.975391 0.301172 0.017969 0.038281
0 0.786328 0.174609 0.016406 0.035156
0 0.502734 0.271094 0.017969 0.039062
0 0.585156 0.634375 0.014063 0.029687
