0 0.371875 0.636328 0.015625 0.033594
0 0.490234 0.351953 0.017969 0.038281
0 0.443750 0.294141 0.020313 0.044531
0 0.117969 0.528516 0.012500 0.027344
0 0.435156 0.923828 0.020313 0.041406
0 0.752734 0.713281 0.016406 0.034375
0 0.640625 0.651172 0.012500 0.027344
0 0.308984 0.532813 0.016406 0.035937
0 0.499219 0.648047 0.020313 0.042969
0 0.638281 0.445312 0.015625 0.032813
0 0.317578 0.682422 0.016406 0.033594
0 0.059766 0.164062 0.019531 0.042188
0 0.262891 0.803906 0.016406 0.035937
0 0.425391 0.756641 0.011719 0.025781
