0 0.159375 0.605859 0.017188 0.036719
0 0.128516 0.060156 0.021094 0.045312
0 0.445703 0.084375 0.014844 0.032813
0 0.283984 0.453125 0.019531 0.042188
0 0.433594 0.940625 0.021875 0.046875
0 0.318750 0.923438 0.015625 0.032813
0 0.421094 0.961328 0.012500 0.027344
0 0.069922 0.871094 0.019531 0.042188
0 0.258203 0.666406 0.017969 0.039062
0 0.991797 0.608203 0.016406 0.035156
0 0.510938 0.912500 0.012500 0.026562
0 0.848437 0.898438 0.012500 0.026562
0 0.217188 0.821484 0.018750 0.038281
0 0.592187 0.192969 0.014063 0.031250
0 0.411719 0.936328 0.018750 0.039844
0 0.525781 0.535156 0.014063 0.029687
0 0.979297 0.039844 0.013281 0.028125
0 0.048828 0.176563 0.019531 0.042188
0 0.494531 0.216016 0.020313 0.041406
0 0.378516 0.399219 0.021094 0.045312
0 0.464062 0.645703 0.012500 0.027344
0 0.732422 0.061719 0.013281 0.029687
0 0.116016 0.351172 0.016406 0.035156
0 0.982422 0.955469 0.014844 0.032813
0 0.412500 0.422266 0.012500 0.025781
0 0.640234 0.338672 0.016406 0.035156
0 0.417969 0.504687 0.017188 0.037500
