0 0.292969 0.314063 0.021875 0.046875
0 0.972656 0.972266 0.020313 0.044531
0 0.674219 0.566016 0.014063 0.030469
0 0.491016 0.967187 0.017969 0.039062
0 0.423438 0.082031 0.018750 0.040625
0 0.632031 0.324219 0.017188 0.037500
0 0.139844 0.835938 0.021875 0.046875
0 0.859375 0.798047 0.017188 0.036719
0 0.437891 0.621875 0.021094 0.043750
0 0.882422 0.669141 0.014844 0.030469
0 0.014063 0.383594 0.014063 0.029687
0 0.039062 0.771484 0.018750 0.039844
0 0.821094 0.625781 0.017188 0.037500
0 0.833203 0.482031 0.016406 0.035937
0 0.240234 0.729688 0.017969 0.039062
0 0.082422 0.342578 0.017969 0.036719
0 0.410547 0.050000 0.017969 0.039062
0 0.569922 0.435547 0.019531 0.041406
0 0.703125 0.940625 0.018750 0.039062
0 0.650391 0.961719 0.019531 0.042188
