0 0.070703 0.258203 0.014844 0.032031
0 0.410938 0.195703 0.021875 0.044531
0 0.483984 0.576172 0.016406 0.035156
0 0.351953 0.097266 0.016406 0.035156
0 0.453125 0.948047 0.012500 0.027344
0 0.618750 0.849219 0.021875 0.046875
0 0.856250 0.564844 0.020313 0.043750
0 0.788672 0.221094 0.021094 0.045312
0 0.748047 0.375391 0.013281 0.028906
0 0.704297 0.806641 0.013281 0.028906
0 0.591016 0.882031 0.013281 0.029687
0 0.555859 0.198828 0.021094 0.046094
0 0.629687 0.655859 0.014063 0.030469
0 0.873828 0.018359 0.014844 0.032031
0 0.666406 0.743359 0.021875 0.047656
0 0.055859 0.734375 0.014844 0.031250
0 0.731641 0.020313 0.016406 0.035937
0 0.895312 0.653906 0.018750 0.040625
0 0.950000 0.632812 0.020313 0.043750
0 0.547656 0.382422 0.018750 0.039844
0 0.048438 0.621094 0.014063 0.029687
0 0.466406 0.931250 0.021875 0.045312
0 0.067578 0.667578 0.013281 0.027344
0 0.390625 0.466406 0.014063 0.031250
0 0.296484 0.088281 0.013281 0.026562
