0 0.323292 0.761613 0.003828 0.011684
0 0.981664 0.721573 0.005239 0.015389
0 0.234838 0.719721 0.004634 0.013964
0 0.904493 0.085779 0.004030 0.012539
0 0.234636 0.394414 0.004231 0.013109
0 0.450735 0.259191 0.004836 0.014534
0 0.402176 0.600313 0.004030 0.012254
0 0.261737 0.512539 0.004836 0.013964
0 0.150010 0.678398 0.005037 0.014534
0 0.888575 0.910516 0.003627 0.011399
0 0.448116 0.690225 0.004836 0.014249
0 0.409027 0.839270 0.005239 0.015959
0 0.191316 0.466230 0.005037 0.015389
0 0.669857 0.979624 0.003828 0.011684
