0 0.655029 0.873531 0.010254 0.031790
0 0.984375 0.350035 0.010742 0.032481
0 0.381836 0.803041 0.011719 0.035936
0 0.854736 0.404630 0.011230 0.035245
0 0.264893 0.959226 0.009277 0.029026
0 0.263184 0.446786 0.012695 0.038010
0 0.340332 0.732550 0.009766 0.030408
0 0.738037 0.498272 0.010254 0.031790
0 0.620117 0.608846 0.009766 0.029026
0 0.771973 0.348307 0.010742 0.031790
0 0.087402 0.699724 0.011719 0.035245
0 0.584229 0.797512 0.009277 0.029026
0 0.599365 0.532481 0.011230 0.032481
0 0.781250 0.707671 0.011719 0.035936
