0 0.116211 0.061852 0.010742 0.031099
0 0.429443 0.487906 0.010254 0.031790
0 0.709961 0.413614 0.009766 0.029717
0 0.348633 0.542156 0.010742 0.032481
0 0.724121 0.314098 0.009766 0.028334
0 0.530273 0.236006 0.008789 0.026952
0 0.865479 0.689357 0.009277 0.026952
0 0.657715 0.089841 0.011719 0.035936
0 0.282471 0.140636 0.012207 0.038010
0 0.963135 0.666897 0.011230 0.034554
0 0.508057 0.521424 0.012207 0.036628
0 0.395264 0.230131 0.011230 0.034554
0 0.613281 0.283345 0.011719 0.035936
0 0.451172 0.650657 0.009766 0.029717
0 0.901123 0.841742 0.012207 0.035936
