0 0.522266 0.230469 0.022656 0.046875
0 0.689063 0.915234 0.018750 0.039844
0 0.322266 0.739844 0.016406 0.035937
0 0.530859 0.365234 0.013281 0.028906
0 0.571484 0.064062 0.014844 0.032813
0 0.174609 0.946484 0.014844 0.032031
0 0.137891 0.696094 0.019531 0.042188
0 0.417187 0.317969 0.017188 0.037500
0 0.760156 0.773438 0.014063 0.031250
0 0.462500 0.347656 0.017188 0.037500
0 0.229297 0.968359 0.014844 0.030469
0 0.922656 0.913281 0.012500 0.028125
0 0.300781 0.113281 0.017188 0.037500
0 0.600391 0.634766 0.022656 0.047656
