0 0.165234 0.729688 0.016406 0.034375
0 0.862891 0.275391 0.014844 0.032031
0 0.052734 0.489844 0.019531 0.042188
0 0.785156 0.585938 0.015625 0.032813
0 0.220312 0.046875 0.014063 0.029687
0 0.368359 0.500000 0.013281 0.028125
0 0.592187 0.976172 0.014063 0.030469
0 0.505078 0.456250 0.013281 0.028125
0 0.725000 0.483203 0.014063 0.030469
0 0.742578 0.790234 0.019531 0.041406
0 0.268359 0.412500 0.014844 0.032813
0 0.758203 0.567969 0.014844 0.031250
0 0.402734 0.050391 0.017969 0.038281
0 0.167578 0.133594 0.013281 0.028125
0 0.073828 0.779297 0.014844 0.032031
0 0.719531 0.710547 0.014063 0.030469
0 0.766016 0.665234 0.013281 0.028906
0 0.691016 0.389844 0.016406 0.035937
0 0.707031 0.440234 0.020313 0.041406
0 0.885938 0.764062 0.015625 0.034375
0 0.386719 0.064062 0.018750 0.040625
0 0.117188 0.826562 0.014063 0.029687
0 0.686328 0.806641 0.021094 0.046094
0 0.637500 0.469531 0.020313 0.043750
0 0.520703 0.485156 0.011719 0.026562
0 0.350781 0.185938 0.014063 0.031250
0 0.038672 0.496875 0.016406 0.035937
0 0.340625 0.808203 0.017188 0.035156
0 0.558594 0.957812 0.020313 0.043750
0 0.083984 0.729688 0.016406 0.035937
