0 0.491797 0.522266 0.019531 0.042969
0 0.385937 0.105078 0.015625 0.033594
0 0.942187 0.185547 0.020313 0.042969
0 0.710156 0.213281 0.018750 0.039062
0 0.204687 0.473438 0.012500 0.026562
0 0.017188 0.220703 0.018750 0.039844
0 0.291797 0.857812 0.017969 0.037500
0 0.940234 0.364063 0.019531 0.042188
0 0.745703 0.676172 0.013281 0.028906
0 0.444141 0.916016 0.019531 0.042969
0 0.105078 0.018750 0.013281 0.028125
0 0.543359 0.106641 0.021094 0.046094
0 0.250391 0.535547 0.021094 0.044531
0 0.504687 0.241406 0.012500 0.028125
0 0.461328 0.227734 0.019531 0.039844
