0 0.555078 0.360547 0.014844 0.032031
0 0.835547 0.580859 0.016406 0.035156
0 0.588672 0.975000 0.021094 0.045312
0 0.369141 0.198828 0.013281 0.028906
0 0.851562 0.233594 0.014063 0.029687
0 0.626953 0.635547 0.014844 0.032031
0 0.258594 0.511328 0.012500 0.027344
0 0.810547 0.342969 0.013281 0.029687
0 0.644531 0.516797 0.014063 0.030469
0 0.942578 0.620313 0.019531 0.040625
0 0.885547 0.172266 0.021094 0.044531
0 0.671094 0.463672 0.021875 0.046094
0 0.842969 0.275000 0.020313 0.043750
0 0.979688 0.664062 0.012500 0.026562
0 0.318359 0.777734 0.017969 0.038281
0 0.509375 0.618750 0.015625 0.034375
0 0.790234 0.082812 0.021094 0.045312
0 0.632031 0.548047 0.012500 0.027344
0 0.540234 0.207031 0.014844 0.031250
0 0.619531 0.922656 0.014063 0.029687
0 0.560937 0.397656 0.021875 0.046875
0 0.898828 0.074609 0.013281 0.028906
0 0.338672 0.767578 0.019531 0.039844
0 0.398438 0.841016 0.021875 0.044531
0 0.408594 0.182422 0.017188 0.036719
0 0.635547 0.230859 0.021094 0.044531
0 0.635156 0.671484 0.012500 0.027344
