0 0.951172 0.048828 0.014844 0.032031
0 0.593750 0.028125 0.014063 0.029687
0 0.417187 0.491797 0.014063 0.030469
0 0.395313 0.423828 0.017188 0.036719
0 0.160547 0.284766 0.021094 0.046094
0 0.515234 0.039062 0.019531 0.042188
0 0.140234 0.149219 0.019531 0.042188
0 0.127734 0.883984 0.011719 0.025781
0 0.209375 0.593750 0.015625 0.034375
0 0.572266 0.789844 0.013281 0.028125
0 0.569531 0.563281 0.014063 0.029687
0 0.160547 0.484375 0.013281 0.028125
0 0.943359 0.647656 0.017969 0.039062
0 0.881250 0.325781 0.020313 0.042188
0 0.510938 0.709375 0.017188 0.037500
0 0.059375 0.283594 0.021875 0.046875
