0 0.170703 0.136328 0.019531 0.042969
0 0.898047 0.078906 0.017969 0.039062
0 0.215625 0.146094 0.014063 0.029687
0 0.105859 0.944922 0.013281 0.028906
0 0.577344 0.396875 0.017188 0.035937
0 0.817578 0.584375 0.017969 0.039062
0 0.140625 0.621484 0.012500 0.027344
0 0.390625 0.760938 0.018750 0.040625
0 0.871094 0.937109 0.018750 0.039844
0 0.884375 0.549219 0.015625 0.032813
0 0.404687 0.343750 0.018750 0.039062
0 0.566016 0.474609 0.016406 0.035156
0 0.533984 0.967187 0.019531 0.042188
0 0.118359 0.525781 0.014844 0.032813
0 0.989844 0.717187 0.012500 0.026562
