0 0.853906 0.858203 0.018750 0.041406
0 0.682031 0.255859 0.014063 0.028906
0 0.180078 0.720703 0.019531 0.041406
0 0.928906 0.489063 0.021875 0.046875
0 0.079297 0.487891 0.011719 0.025781
0 0.680469 0.588672 0.018750 0.039844
0 0.098828 0.245312 0.016406 0.035937
0 0.604297 0.578516 0.011719 0.025781
0 0.614844 0.867578 0.012500 0.027344
0 0.197656 0.691797 0.014063 0.030469
0 0.885547 0.545312 0.017969 0.039062
0 0.750781 0.210156 0.014063 0.029687
0 0.766797 0.578125 0.013281 0.029687
0 0.404297 0.456250 0.021094 0.045312
0 0.553125 0.879687 0.020313 0.043750
0 0.054297 0.347266 0.017969 0.038281
0 0.121484 0.862109 0.017969 0.038281
0 0.723437 0.608594 0.014063 0.031250
0 0.649219 0.434375 0.018750 0.040625
0 0.480078 0.804688 0.021094 0.045312
0 0.512891 0.410156 0.019531 0.042188
0 0.644531 0.356641 0.018750 0.039844
0 0.294922 0.648828 0.021094 0.046094
0 0.494141 0.478125 0.013281 0.028125
0 0.592187 0.864062 0.021875 0.046875
0 0.875781 0.941016 0.017188 0.036719
