0 0.649204 0.837846 0.004030 0.012539
0 0.600645 0.647193 0.004030 0.012539
0 0.047451 0.574665 0.003828 0.011684
0 0.918698 0.602166 0.005037 0.015389
0 0.664417 0.142633 0.005037 0.015674
0 0.116361 0.936164 0.004231 0.013109
0 0.657163 0.081790 0.004634 0.014249
0 0.170361 0.952551 0.003828 0.011684
0 0.865505 0.728413 0.003425 0.010829
0 0.987306 0.986891 0.003627 0.010829
0 0.694540 0.250071 0.004836 0.014534
0 0.019847 0.248789 0.004231 0.013109
0 0.699778 0.013679 0.003627 0.010829
0 0.685170 0.075093 0.005037 0.015674
0 0.322789 0.487603 0.004836 0.014819
