0 0.532239 0.476917 0.004634 0.013964
0 0.364195 0.311342 0.005037 0.015674
0 0.624622 0.173839 0.003627 0.011399
0 0.554201 0.041465 0.005037 0.015674
0 0.885755 0.645911 0.004030 0.012254
0 0.512190 0.261186 0.004836 0.013964
0 0.295990 0.408663 0.003627 0.010829
0 0.798610 0.398974 0.005037 0.014819
0 0.052287 0.461670 0.003425 0.010829
0 0.933911 0.361784 0.003627 0.011114
0 0.657566 0.942291 0.004231 0.012824
0 0.958896 0.385010 0.003627 0.010829
0 0.440157 0.344115 0.004634 0.013964
0 0.192827 0.228555 0.004433 0.013679
