0 0.444141 0.678906 0.022656 0.046875
0 0.245312 0.454688 0.015625 0.034375
0 0.527344 0.261719 0.014063 0.028125
0 0.791406 0.453125 0.017188 0.037500
0 0.142969 0.651953 0.017188 0.036719
0 0.253906 0.483984 0.018750 0.041406
0 0.156250 0.523828 0.014063 0.030469
0 0.836328 0.587109 0.016406 0.035156
0 0.252344 0.714063 0.014063 0.031250
0 0.971094 0.443750 0.020313 0.043750
0 0.873047 0.644531 0.021094 0.045312
0 0.778906 0.851172 0.018750 0.039844
0 0.875000 0.777734 0.017188 0.038281
0 0.382812 0.682422 0.012500 0.027344
0 0.431250 0.270703 0.018750 0.039844
0 0.547266 0.430859 0.022656 0.046094
0 0.056641 0.725781 0.021094 0.045312
0 0.142578 0.092969 0.013281 0.028125
0 0.881641 0.160547 0.014844 0.032031
0 0.661719 0.405859 0.015625 0.033594
0 0.559375 0.355469 0.015625 0.032813
0 0.241016 0.384375 0.013281 0.028125
0 0.846484 0.673438 0.013281 0.028125
0 0.327734 0.021875 0.013281 0.028125
0 0.397656 0.232422 0.014063 0.030469
0 0.031250 0.426563 0.012500 0.026562
0 0.969531 0.076563 0.014063 0.031250
0 0.377344 0.471875 0.020313 0.043750
0 0.173047 0.894922 0.014844 0.030469
0 0.709766 0.943750 0.022656 0.046875
