0 0.430078 0.501172 0.016406 0.035156
0 0.677734 0.514453 0.021094 0.046094
0 0.719531 0.480859 0.015625 0.033594
0 0.251953 0.496094 0.019531 0.042188
0 0.683594 0.932031 0.018750 0.040625
0 0.344922 0.344531 0.016406 0.034375
0 0.140625 0.300781 0.021875 0.046875
0 0.271875 0.385937 0.015625 0.032813
0 0.328125 0.530859 0.020313 0.044531
0 0.512500 0.575000 0.020313 0.043750
0 0.182812 0.193750 0.012500 0.026562
0 0.689453 0.910937 0.021094 0.045312
0 0.276953 0.254688 0.016406 0.035937
0 0.035547 0.304688 0.017969 0.039062
0 0.351172 0.503906 0.017969 0.037500
0 0.318359 0.454688 0.011719 0.026562
0 0.059766 0.592578 0.013281 0.028906
0 0.150391 0.550000 0.016406 0.034375
0 0.700000 0.256250 0.012500 0.026562
0 0.113672 0.328516 0.021094 0.046094
0 0.214062 0.638281 0.020313 0.042188
0 0.826172 0.208594 0.011719 0.025000
0 0.902344 0.450781 0.021875 0.046875
