0 0.630469 0.950000 0.021875 0.046875
0 0.847656 0.610938 0.015625 0.032813
0 0.743359 0.112500 0.016406 0.035937
0 0.716797 0.846484 0.014844 0.032031
0 0.059375 0.650000 0.018750 0.040625
0 0.424219 0.469531 0.015625 0.034375
0 0.769531 0.441016 0.015625 0.033594
0 0.448047 0.774609 0.011719 0.025781
0 0.528906 0.623047 0.018750 0.038281
0 0.760938 0.703516 0.020313 0.042969
0 0.226172 0.084766 0.019531 0.042969
0 0.017188 0.028516 0.018750 0.039844
0 0.120313 0.482031 0.015625 0.034375
0 0.090234 0.049219 0.014844 0.032813
0 0.436328 0.246484 0.011719 0.025781
0 0.708203 0.110937 0.013281 0.028125
0 0.485938 0.691406 0.018750 0.040625
0 0.413281 0.263281 0.012500 0.026562
0 0.149219 0.663672 0.018750 0.041406
0 0.407813 0.399219 0.014063 0.029687
0 0.298438 0.366406 0.012500 0.026562
0 0.636719 0.670312 0.018750 0.040625
0 0.319531 0.237500 0.014063 0.029687
0 0.747266 0.858203 0.022656 0.046094
0 0.455859 0.210938 0.016406 0.034375
0 0.469922 0.576953 0.017969 0.038281
0 0.230078 0.792578 0.014844 0.032031
0 0.501953 0.848828 0.021094 0.046094
0 0.141406 0.073047 0.021875 0.046094
0 0.270703 0.532031 0.019531 0.042188
