0 0.017188 0.425000 0.021875 0.046875
0 0.137109 0.495703 0.011719 0.025781
0 0.859375 0.590625 0.012500 0.025000
0 0.900391 0.328516 0.016406 0.035156
0 0.189062 0.938281 0.018750 0.040625
0 0.350781 0.861719 0.018750 0.040625
0 0.522266 0.252344 0.011719 0.025000
0 0.917188 0.486328 0.017188 0.036719
0 0.488672 0.908594 0.017969 0.039062
0 0.645312 0.746875 0.020313 0.043750
0 0.756641 0.167187 0.016406 0.034375
0 0.161719 0.881641 0.017188 0.036719
0 0.415625 0.348438 0.018750 0.039062
0 0.972266 0.278516 0.017969 0.038281
0 0.437109 0.139453 0.019531 0.041406
0 0.431641 0.769141 0.019531 0.042969
0 0.477344 0.498047 0.014063 0.030469
0 0.218750 0.378906 0.015625 0.032813
0 0.417578 0.328516 0.016406 0.035156
0 0.494531 0.956250 0.018750 0.040625
0 0.695703 0.092188 0.017969 0.039062
0 0.426172 0.946484 0.014844 0.032031
0 0.120313 0.812500 0.015625 0.032813
0 0.126172 0.539062 0.017969 0.039062
0 0.987891 0.701172 0.017969 0.038281
0 0.536719 0.141797 0.014063 0.028906
