0 0.748437 0.108203 0.014063 0.030469
0 0.907813 0.847656 0.020313 0.042188
0 0.899219 0.618359 0.015625 0.032031
0 0.452344 0.861328 0.015625 0.033594
0 0.250391 0.743750 0.021094 0.045312
0 0.498437 0.571094 0.015625 0.032813
0 0.703516 0.196484 0.021094 0.042969
0 0.359375 0.764062 0.020313 0.043750
0 0.176563 0.017188 0.012500 0.026562
0 0.904297 0.127734 0.021094 0.046094
0 0.744531 0.396094 0.015625 0.034375
0 0.148047 0.355078 0.019531 0.042969
0 0.456641 0.673047 0.013281 0.027344
0 0.969531 0.891016 0.012500 0.027344
0 0.767578 0.146484 0.013281 0.027344
0 0.837891 0.379297 0.011719 0.025781
0 0.250000 0.141406 0.018750 0.040625
0 0.489844 0.601172 0.020313 0.044531
0 0.497266 0.802344 0.017969 0.039062
0 0.659375 0.955078 0.012500 0.027344
0 0.947266 0.092969 0.016406 0.034375
