0 0.509766 0.263672 0.019531 0.041406
0 0.485156 0.271094 0.014063 0.031250
0 0.619141 0.826562 0.014844 0.032813
0 0.146094 0.492188 0.021875 0.046875
0 0.344531 0.366016 0.017188 0.036719
0 0.208203 0.885938 0.022656 0.046875
0 0.169141 0.626172 0.017969 0.038281
0 0.591016 0.117578 0.017969 0.038281
0 0.395313 0.036719 0.020313 0.043750
0 0.639062 0.591797 0.018750 0.039844
0 0.141406 0.713672 0.017188 0.036719
0 0.069531 0.137891 0.012500 0.027344
0 0.051562 0.348828 0.018750 0.039844
0 0.121094 0.240234 0.020313 0.042969
