0 0.251953 0.189703 0.011719 0.036628
0 0.047607 0.648583 0.011230 0.033863
0 0.407227 0.648238 0.010742 0.033172
0 0.903320 0.409813 0.010742 0.033172
0 0.433838 0.458189 0.009277 0.029026
0 0.803955 0.023151 0.012207 0.036628
0 0.197754 0.265377 0.008789 0.027643
0 0.613770 0.302695 0.012695 0.037319
0 0.351807 0.208362 0.010254 0.031099
0 0.075439 0.022115 0.010254 0.031790
0 0.456787 0.769523 0.012207 0.038010
0 0.231445 0.594333 0.012695 0.038701
0 0.396484 0.286455 0.010742 0.032481
0 0.708984 0.034554 0.008789 0.026261
0 0.931396 0.188666 0.012207 0.037319
