0 0.575000 0.633203 0.012500 0.027344
0 0.101562 0.135937 0.020313 0.042188
0 0.863281 0.795703 0.021875 0.044531
0 0.955859 0.549219 0.021094 0.045312
0 0.517969 0.382812 0.014063 0.029687
0 0.010156 0.553906 0.015625 0.032813
0 0.603906 0.865625 0.012500 0.026562
0 0.462109 0.214844 0.017969 0.039062
0 0.862500 0.192188 0.015625 0.034375
0 0.201563 0.106250 0.018750 0.040625
0 0.886719 0.975000 0.015625 0.032813
0 0.519141 0.607031 0.021094 0.045312
0 0.307031 0.298047 0.014063 0.030469
0 0.767578 0.785156 0.016406 0.035937
