0 0.141547 0.539327 0.004634 0.014534
0 0.130868 0.778142 0.003425 0.010544
0 0.336692 0.266458 0.004030 0.012539
0 0.767782 0.296096 0.003828 0.011399
0 0.743804 0.884155 0.003828 0.011684
0 0.018134 0.496438 0.004433 0.013679
0 0.173887 0.603306 0.004030 0.012539
0 0.689200 0.474494 0.003828 0.011969
0 0.475519 0.797236 0.004030 0.012254
0 0.324602 0.070248 0.005239 0.015104
0 0.817852 0.835281 0.005239 0.015389
0 0.473504 0.689940 0.003627 0.010829
0 0.865908 0.908948 0.003828 0.011684
0 0.336087 0.856797 0.003627 0.011114
