0 0.638827 0.436449 0.005037 0.015104
0 0.152327 0.645768 0.004030 0.011969
0 0.697864 0.510829 0.004634 0.013964
0 0.776043 0.567826 0.005037 0.014534
0 0.707435 0.780137 0.005239 0.015104
0 0.314024 0.878028 0.004231 0.012539
0 0.288434 0.078512 0.005037 0.014534
0 0.990026 0.955685 0.004634 0.013394
0 0.853818 0.151325 0.004634 0.014249
0 0.174290 0.840125 0.004836 0.014249
0 0.052589 0.192078 0.004030 0.012539
0 0.368124 0.207609 0.004030 0.012254
0 0.114951 0.353662 0.004231 0.013109
0 0.727383 0.430322 0.004433 0.013679
