0 0.653516 0.674219 0.013281 0.028125
0 0.283594 0.960547 0.017188 0.036719
0 0.312109 0.442188 0.013281 0.029687
0 0.542578 0.360156 0.013281 0.028125
0 0.846484 0.164062 0.016406 0.035937
0 0.245312 0.629687 0.020313 0.043750
0 0.361328 0.857812 0.019531 0.042188
0 0.231250 0.914844 0.018750 0.040625
0 0.955859 0.117578 0.021094 0.046094
0 0.440234 0.644531 0.021094 0.045312
0 0.268359 0.148047 0.019531 0.039844
0 0.607812 0.400000 0.021875 0.046875
0 0.839063 0.533594 0.014063 0.031250
0 0.624219 0.825000 0.015625 0.034375
0 0.721875 0.055859 0.020313 0.044531
0 0.316016 0.872266 0.019531 0.041406
0 0.968359 0.333203 0.021094 0.046094
0 0.913281 0.944141 0.014063 0.030469
0 0.241406 0.439844 0.020313 0.043750
