0 0.555859 0.693359 0.016406 0.035156
0 0.944922 0.748437 0.014844 0.032813
0 0.236328 0.617188 0.019531 0.040625
0 0.977344 0.820312 0.018750 0.040625
0 0.036719 0.645312 0.018750 0.040625
0 0.421875 0.355469 0.017188 0.037500
0 0.763672 0.494531 0.019531 0.042188
0 0.877344 0.659766 0.018750 0.039844
0 0.601172 0.555469 0.019531 0.042188
0 0.628906 0.342187 0.014063 0.029687
0 0.448437 0.342578 0.015625 0.033594
0 0.385156 0.408984 0.012500 0.027344
0 0.198828 0.940625 0.019531 0.042188
0 0.017969 0.041406 0.020313 0.042188
0 0.664062 0.570703 0.020313 0.044531
0 0.058203 0.959766 0.014844 0.032031
0 0.112891 0.975000 0.013281 0.029687
0 0.306641 0.215234 0.017969 0.039844
0 0.796875 0.857422 0.012500 0.027344
0 0.120703 0.026953 0.019531 0.039844
0 0.446875 0.608984 0.014063 0.030469
0 0.451172 0.125391 0.014844 0.032031
