0 0.555813 0.167712 0.004231 0.012824
0 0.549063 0.509974 0.004030 0.012254
0 0.785513 0.411798 0.003425 0.010829
0 0.702196 0.903676 0.003627 0.010829
0 0.361374 0.227130 0.003828 0.011969
0 0.281080 0.161157 0.003627 0.011114
0 0.528712 0.359504 0.004030 0.012254
0 0.952650 0.936592 0.004433 0.013394
0 0.190611 0.062553 0.004030 0.012254
0 0.227080 0.641636 0.004433 0.013394
0 0.452851 0.900684 0.003828 0.011684
0 0.768487 0.239527 0.005239 0.015674
0 0.969373 0.215873 0.003627 0.011114
0 0.177917 0.579795 0.004433 0.013394
0 0.484384 0.139783 0.004030 0.012254
