0 0.429377 0.534910 0.004030 0.012539
0 0.253778 0.332573 0.005037 0.015389
0 0.896736 0.745084 0.005037 0.015104
0 0.796494 0.566543 0.004030 0.012539
0 0.944288 0.521089 0.005037 0.015104
0 0.490328 0.312767 0.003828 0.011684
0 0.511384 0.440296 0.004030 0.012539
0 0.155753 0.423197 0.004030 0.011969
0 0.568205 0.701767 0.004030 0.012254
0 0.918799 0.776005 0.003627 0.011399
0 0.282793 0.120975 0.004231 0.012254
0 0.616059 0.584070 0.005037 0.015104
0 0.863188 0.486178 0.004433 0.013679
0 0.922728 0.544030 0.004634 0.014249
0 0.158573 0.364206 0.004433 0.013679
