0 0.885498 0.019696 0.012207 0.036628
0 0.948730 0.412578 0.010742 0.033172
0 0.726562 0.848652 0.011719 0.035936
0 0.333496 0.762267 0.011719 0.035936
0 0.176025 0.297858 0.009277 0.029026
0 0.518799 0.628196 0.012207 0.037319
0 0.452637 0.585349 0.009766 0.029026
0 0.680420 0.796130 0.013184 0.038701
0 0.362305 0.288528 0.011719 0.035245
0 0.329590 0.325155 0.011719 0.036628
0 0.146973 0.965446 0.010742 0.031790
0 0.122070 0.224257 0.008789 0.026952
0 0.412842 0.868003 0.012207 0.037319
0 0.647217 0.016932 0.011230 0.033863
