0 0.030469 0.741797 0.018750 0.041406
0 0.395313 0.191016 0.021875 0.047656
0 0.633984 0.244531 0.013281 0.029687
0 0.128906 0.048828 0.018750 0.041406
0 0.099219 0.418750 0.021875 0.046875
0 0.954688 0.394531 0.014063 0.031250
0 0.864453 0.792578 0.011719 0.025781
0 0.069922 0.283203 0.019531 0.041406
0 0.690625 0.691406 0.014063 0.031250
0 0.811719 0.282422 0.018750 0.039844
0 0.969141 0.807422 0.011719 0.025781
0 0.883203 0.507031 0.022656 0.046875
0 0.069531 0.886719 0.020313 0.043750
0 0.539062 0.889844 0.017188 0.037500
0 0.979688 0.692969 0.014063 0.031250
