0 0.038672 0.936328 0.021094 0.046094
0 0.183984 0.738281 0.016406 0.032813
0 0.410938 0.251172 0.018750 0.038281
0 0.855859 0.044141 0.011719 0.025781
0 0.546875 0.856250 0.021875 0.046875
0 0.241016 0.207422 0.022656 0.046094
0 0.471484 0.478906 0.017969 0.039062
0 0.167187 0.364063 0.014063 0.031250
0 0.396094 0.330078 0.015625 0.033594
0 0.448828 0.086328 0.014844 0.030469
0 0.783594 0.609375 0.012500 0.026562
0 0.540234 0.253516 0.019531 0.041406
0 0.851562 0.087500 0.021875 0.046875
0 0.355859 0.804297 0.019531 0.039844
0 0.425781 0.221484 0.017188 0.035156
0 0.432812 0.775000 0.014063 0.029687
0 0.625391 0.849609 0.021094 0.042969
0 0.929297 0.611328 0.017969 0.038281
0 0.403906 0.151562 0.021875 0.046875
0 0.188672 0.153125 0.017969 0.039062
0 0.408594 0.949219 0.012500 0.026562
0 0.242188 0.475391 0.021875 0.047656
0 0.271875 0.280469 0.021875 0.046875
