0 0.841016 0.072266 0.017969 0.038281
0 0.684766 0.841016 0.017969 0.039844
0 0.047266 0.823438 0.013281 0.028125
0 0.019922 0.311328 0.021094 0.046094
0 0.483594 0.452344 0.014063 0.029687
0 0.534375 0.830078 0.017188 0.036719
0 0.293359 0.961719 0.013281 0.028125
0 0.146094 0.821094 0.020313 0.042188
0 0.717969 0.108594 0.020313 0.043750
0 0.196094 0.278516 0.018750 0.039844
0 0.946094 0.329297 0.015625 0.033594
0 0.092188 0.489453 0.020313 0.042969
0 0.797656 0.095312 0.018750 0.040625
0 0.721875 0.628906 0.012500 0.026562
0 0.151953 0.723047 0.017969 0.038281
0 0.254297 0.062891 0.014844 0.032031
