0 0.021094 0.705469 0.017188 0.037500
0 0.677734 0.072266 0.016406 0.035156
0 0.523438 0.792578 0.017188 0.036719
0 0.485547 0.912891 0.017969 0.039844
0 0.497266 0.892188 0.013281 0.029687
0 0.466406 0.962500 0.012500 0.026562
0 0.844141 0.278906 0.019531 0.042188
0 0.889453 0.801562 0.014844 0.032813
0 0.746094 0.046875 0.014063 0.029687
0 0.708984 0.541797 0.011719 0.025781
0 0.576953 0.598828 0.019531 0.041406
0 0.251563 0.706250 0.020313 0.043750
0 0.844141 0.115625 0.014844 0.031250
0 0.583594 0.633203 0.015625 0.033594
0 0.937109 0.384766 0.017969 0.038281
0 0.728516 0.649219 0.014844 0.031250
0 0.110156 0.912500 0.014063 0.031250
0 0.332813 0.472656 0.020313 0.042188
0 0.560156 0.797266 0.021875 0.046094
0 0.651953 0.816406 0.013281 0.028125
0 0.441797 0.851172 0.014844 0.032031
0 0.960547 0.912891 0.013281 0.028906
0 0.587891 0.094922 0.016406 0.035156
