0 0.865625 0.424609 0.012500 0.025781
0 0.212500 0.659375 0.017188 0.037500
0 0.684766 0.597656 0.013281 0.028125
0 0.912891 0.500000 0.014844 0.032813
0 0.630859 0.737109 0.017969 0.038281
0 0.296094 0.403906 0.020313 0.043750
0 0.140625 0.964844 0.012500 0.026562
0 0.484766 0.951953 0.013281 0.027344
0 0.324609 0.480078 0.013281 0.028906
0 0.150000 0.469141 0.015625 0.033594
0 0.376953 0.317188 0.014844 0.032813
0 0.259375 0.295312 0.014063 0.028125
0 0.554297 0.358594 0.014844 0.031250
0 0.417187 0.344922 0.012500 0.027344
0 0.869922 0.515234 0.021094 0.046094
0 0.519531 0.212109 0.012500 0.027344
0 0.678125 0.602734 0.014063 0.030469
0 0.493750 0.620313 0.018750 0.040625
0 0.460156 0.314063 0.015625 0.034375
0 0.873828 0.841016 0.019531 0.042969
0 0.155469 0.922656 0.018750 0.040625
0 0.712891 0.545312 0.019531 0.042188
