0 0.134294 0.295526 0.004231 0.013109
0 0.643159 0.200484 0.005239 0.015104
0 0.975418 0.444144 0.004836 0.014534
0 0.070623 0.512539 0.003425 0.010544
0 0.219524 0.461385 0.005037 0.015389
0 0.470079 0.875463 0.004836 0.014819
0 0.484485 0.214449 0.005037 0.015674
0 0.182148 0.331433 0.004030 0.012539
0 0.431191 0.546309 0.005239 0.015959
0 0.522063 0.010972 0.004030 0.012254
0 0.955773 0.758336 0.003828 0.011399
0 0.079790 0.359504 0.004030 0.012254
0 0.830546 0.632231 0.003627 0.011114
0 0.946504 0.261898 0.003425 0.010829
0 0.285110 0.236250 0.004433 0.013109
