0 0.232422 0.078125 0.021094 0.045312
0 0.950781 0.925391 0.020313 0.042969
0 0.738672 0.533203 0.013281 0.028906
0 0.341406 0.461328 0.014063 0.028906
0 0.978516 0.787891 0.011719 0.025781
0 0.274219 0.075391 0.012500 0.027344
0 0.716406 0.627344 0.020313 0.043750
0 0.723437 0.813281 0.012500 0.028125
0 0.063281 0.194141 0.014063 0.028906
0 0.208203 0.246875 0.013281 0.029687
0 0.262891 0.908594 0.013281 0.028125
0 0.831641 0.344141 0.013281 0.028906
0 0.661719 0.393359 0.020313 0.044531
0 0.060156 0.447656 0.021875 0.046875
0 0.031250 0.106250 0.021875 0.046875
0 0.187500 0.116406 0.018750 0.040625
0 0.185938 0.410156 0.012500 0.028125
0 0.526172 0.324219 0.017969 0.039062
0 0.952344 0.892969 0.020313 0.043750
0 0.063281 0.394922 0.015625 0.033594
0 0.710156 0.116797 0.017188 0.035156
0 0.286328 0.772266 0.021094 0.044531
0 0.644531 0.780078 0.020313 0.044531
