0 0.860938 0.275000 0.014063 0.031250
0 0.010937 0.305859 0.017188 0.036719
0 0.266797 0.896094 0.017969 0.037500
0 0.218750 0.718359 0.015625 0.032031
0 0.797656 0.213281 0.020313 0.043750
0 0.971484 0.385156 0.014844 0.031250
0 0.750781 0.281250 0.012500 0.028125
0 0.183594 0.324219 0.017188 0.037500
0 0.748437 0.712891 0.018750 0.039844
0 0.743750 0.485938 0.020313 0.042188
0 0.146875 0.507031 0.018750 0.040625
0 0.880859 0.135547 0.017969 0.038281
0 0.673828 0.635938 0.016406 0.034375
0 0.171875 0.673047 0.020313 0.041406
0 0.359766 0.026953 0.019531 0.041406
0 0.853516 0.430078 0.013281 0.027344
0 0.568750 0.534766 0.017188 0.036719
0 0.716016 0.619141 0.013281 0.028906
0 0.379297 0.032422 0.016406 0.035156
0 0.832812 0.075391 0.012500 0.027344
0 0.151953 0.310547 0.019531 0.041406
0 0.405859 0.878906 0.021094 0.045312
0 0.136328 0.216797 0.017969 0.038281
0 0.924219 0.810156 0.014063 0.029687
0 0.929688 0.855859 0.014063 0.030469
0 0.979297 0.575391 0.013281 0.028906
0 0.400781 0.925391 0.014063 0.030469
0 0.082422 0.849219 0.017969 0.039062
0 0.716016 0.969922 0.017969 0.038281
0 0.195703 0.980078 0.016406 0.035156
