0 0.898047 0.585547 0.021094 0.044531
0 0.287500 0.096094 0.015625 0.034375
0 0.617578 0.526953 0.017969 0.038281
0 0.544531 0.344141 0.018750 0.039844
0 0.151562 0.843359 0.012500 0.027344
0 0.921875 0.407422 0.018750 0.041406
0 0.301563 0.532031 0.018750 0.040625
0 0.024609 0.091016 0.014844 0.032031
0 0.208594 0.307812 0.017188 0.037500
0 0.664844 0.170703 0.015625 0.032031
0 0.516016 0.871875 0.013281 0.028125
0 0.317578 0.602344 0.013281 0.028125
0 0.913672 0.420703 0.014844 0.032031
0 0.346484 0.551172 0.014844 0.032031
0 0.114062 0.360938 0.020313 0.043750
0 0.593359 0.816016 0.016406 0.033594
0 0.103516 0.043359 0.013281 0.028906
0 0.265234 0.856641 0.011719 0.025781
0 0.749609 0.639062 0.011719 0.026562
0 0.652344 0.770703 0.021875 0.047656
0 0.452344 0.032422 0.014063 0.028906
0 0.555859 0.819922 0.022656 0.046094
0 0.187109 0.080078 0.019531 0.042969
0 0.427734 0.341406 0.017969 0.039062
0 0.453516 0.066406 0.017969 0.037500
0 0.514844 0.217969 0.014063 0.029687
0 0.763672 0.833203 0.011719 0.025781
