0 0.972168 0.241189 0.012695 0.038701
0 0.474365 0.055287 0.009277 0.027643
0 0.949951 0.794402 0.008301 0.025570
0 0.685059 0.900484 0.009766 0.029026
0 0.231689 0.959226 0.011230 0.034554
0 0.365234 0.619558 0.010742 0.032481
0 0.384521 0.409813 0.010254 0.031790
0 0.162598 0.373531 0.009766 0.029717
0 0.313477 0.919834 0.011719 0.035936
0 0.450195 0.117139 0.010742 0.032481
0 0.185303 0.936420 0.012207 0.035936
0 0.134277 0.687284 0.008789 0.026952
0 0.483154 0.772287 0.009277 0.028334
0 0.888428 0.553214 0.012207 0.038010
0 0.107178 0.720111 0.009277 0.029026
