0 0.030828 0.911941 0.003627 0.010829
0 0.544127 0.218866 0.003425 0.010829
0 0.820270 0.098604 0.004836 0.014249
0 0.873867 0.307495 0.003627 0.010829
0 0.984485 0.841550 0.003627 0.011399
0 0.236853 0.168567 0.004231 0.012824
0 0.414266 0.592192 0.004836 0.014819
0 0.835886 0.229980 0.003425 0.010829
0 0.454161 0.893274 0.005239 0.015674
0 0.930385 0.965090 0.003828 0.011684
0 0.489321 0.363636 0.003828 0.011399
0 0.415877 0.642918 0.004433 0.013679
0 0.475116 0.708891 0.004433 0.013394
0 0.791860 0.153605 0.004433 0.013109
0 0.727483 0.164292 0.004634 0.013964
