0 0.551172 0.710938 0.017969 0.037500
0 0.178516 0.747266 0.021094 0.044531
0 0.457031 0.192969 0.014063 0.031250
0 0.533594 0.570703 0.015625 0.033594
0 0.407813 0.418750 0.018750 0.040625
0 0.118750 0.454688 0.020313 0.043750
0 0.886719 0.605469 0.014063 0.031250
0 0.043750 0.812500 0.012500 0.026562
0 0.013281 0.475391 0.021875 0.046094
0 0.510547 0.171875 0.021094 0.045312
0 0.551953 0.362500 0.014844 0.032813
0 0.106641 0.384766 0.016406 0.033594
0 0.309375 0.732031 0.018750 0.039062
0 0.772266 0.896484 0.019531 0.041406
0 0.425391 0.301172 0.014844 0.030469
0 0.086719 0.725781 0.018750 0.039062
0 0.700000 0.487500 0.018750 0.040625
0 0.405078 0.690234 0.017969 0.038281
0 0.492969 0.669531 0.017188 0.037500
0 0.961719 0.367188 0.012500 0.026562
0 0.124609 0.628906 0.021094 0.045312
0 0.742578 0.651563 0.014844 0.031250
0 0.765625 0.578516 0.020313 0.041406
