0 0.401172 0.288281 0.019531 0.042188
0 0.416406 0.812500 0.021875 0.046875
0 0.350391 0.043359 0.017969 0.038281
0 0.843359 0.120703 0.011719 0.025781
0 0.667969 0.080078 0.012500 0.027344
0 0.796094 0.695312 0.021875 0.045312
0 0.781641 0.506641 0.016406 0.035156
0 0.515625 0.924609 0.017188 0.036719
0 0.146094 0.111328 0.018750 0.041406
0 0.172266 0.160156 0.016406 0.034375
0 0.272266 0.721484 0.021094 0.042969
0 0.344922 0.777734 0.017969 0.038281
0 0.517578 0.274609 0.016406 0.035156
0 0.425781 0.886328 0.018750 0.041406
0 0.547656 0.398828 0.015625 0.033594
0 0.823047 0.919922 0.013281 0.028906
0 0.129688 0.210156 0.015625 0.032813
0 0.942578 0.797656 0.011719 0.026562
0 0.689453 0.853906 0.011719 0.026562
0 0.637500 0.198828 0.020313 0.042969
0 0.555078 0.355078 0.011719 0.025781
0 0.275391 0.341016 0.014844 0.032031
