0 0.759375 0.985938 0.012500 0.026562
0 0.409766 0.466797 0.021094 0.044531
0 0.758203 0.882812 0.021094 0.045312
0 0.291406 0.218750 0.014063 0.029687
0 0.129297 0.247656 0.021094 0.045312
0 0.288281 0.048438 0.020313 0.042188
0 0.531250 0.930078 0.018750 0.039844
0 0.325391 0.349609 0.016406 0.035156
0 0.830078 0.598047 0.016406 0.033594
0 0.265234 0.622656 0.019531 0.042188
0 0.801172 0.662500 0.013281 0.028125
0 0.283984 0.555469 0.017969 0.039062
0 0.538281 0.075391 0.012500 0.027344
0 0.922266 0.082031 0.021094 0.045312
0 0.782813 0.071875 0.021875 0.046875
0 0.705859 0.261719 0.016406 0.034375
0 0.650781 0.214062 0.018750 0.040625
0 0.828906 0.950391 0.017188 0.036719
0 0.676172 0.647266 0.019531 0.041406
0 0.575391 0.017188 0.013281 0.028125
0 0.586719 0.817969 0.014063 0.031250
0 0.407422 0.383984 0.013281 0.028906
0 0.684766 0.223047 0.019531 0.042969
0 0.673828 0.278516 0.014844 0.030469
0 0.149609 0.396484 0.011719 0.025781
0 0.249219 0.687891 0.014063 0.030469
