0 0.056885 0.878023 0.008301 0.025570
0 0.055908 0.655494 0.011230 0.033863
0 0.482910 0.280581 0.008789 0.026261
0 0.299072 0.860055 0.009277 0.028334
0 0.802490 0.503801 0.009277 0.027643
0 0.117188 0.424326 0.010742 0.033172
0 0.847656 0.414305 0.011719 0.035245
0 0.872559 0.056669 0.010742 0.033172
0 0.926270 0.884934 0.011719 0.035245
0 0.207275 0.461990 0.010254 0.031099
0 0.072510 0.934347 0.010254 0.030408
0 0.411865 0.917415 0.012207 0.036628
0 0.178955 0.860401 0.009277 0.029026
0 0.141602 0.194195 0.010742 0.033172
