0 0.668750 0.949219 0.020313 0.043750
0 0.294141 0.694922 0.014844 0.030469
0 0.219141 0.560937 0.021094 0.045312
0 0.589453 0.761328 0.017969 0.038281
0 0.017969 0.028906 0.015625 0.034375
0 0.941406 0.066406 0.021875 0.046875
0 0.080469 0.522656 0.020313 0.043750
0 0.969922 0.542188 0.016406 0.035937
0 0.816406 0.163281 0.021875 0.046875
0 0.140234 0.950781 0.013281 0.028125
0 0.644922 0.957031 0.016406 0.035937
0 0.310156 0.339844 0.012500 0.026562
0 0.667578 0.435937 0.013281 0.028125
0 0.576172 0.060937 0.017969 0.039062
0 0.123828 0.507422 0.016406 0.035156
0 0.839453 0.107031 0.022656 0.046875
0 0.585938 0.641406 0.017188 0.035937
0 0.492578 0.172656 0.017969 0.039062
0 0.353516 0.439453 0.021094 0.046094
0 0.113281 0.641406 0.021875 0.046875
0 0.975391 0.520703 0.017969 0.039844
0 0.275391 0.223047 0.016406 0.035156
0 0.862500 0.872266 0.012500 0.027344
0 0.166406 0.274219 0.015625 0.034375
