0 0.333203 0.483594 0.019531 0.040625
0 0.971875 0.518750 0.014063 0.029687
0 0.292578 0.500391 0.021094 0.046094
0 0.991016 0.540625 0.011719 0.025000
0 0.821094 0.961328 0.012500 0.027344
0 0.021094 0.262500 0.014063 0.031250
0 0.374219 0.580469 0.012500 0.026562
0 0.506250 0.047656 0.020313 0.043750
0 0.973047 0.551562 0.016406 0.035937
0 0.778516 0.673438 0.013281 0.028125
0 0.621875 0.096875 0.015625 0.034375
0 0.354297 0.657813 0.013281 0.028125
0 0.712891 0.940625 0.016406 0.035937
0 0.191406 0.321094 0.021875 0.046875
0 0.025391 0.904687 0.021094 0.045312
0 0.160156 0.578125 0.020313 0.043750
0 0.012500 0.590625 0.015625 0.034375
0 0.457031 0.767188 0.012500 0.028125
