0 0.285938 0.463672 0.012500 0.027344
0 0.066406 0.975391 0.014063 0.030469
0 0.835938 0.787891 0.020313 0.044531
0 0.067969 0.958984 0.014063 0.030469
0 0.285156 0.717187 0.012500 0.026562
0 0.857812 0.294531 0.018750 0.039062
0 0.354687 0.970703 0.014063 0.028906
0 0.155469 0.548828 0.014063 0.028906
0 0.061719 0.310937 0.021875 0.046875
0 0.370703 0.837109 0.019531 0.041406
0 0.119922 0.930859 0.019531 0.039844
0 0.178125 0.387500 0.015625 0.034375
0 0.123438 0.613672 0.020313 0.042969
0 0.139063 0.400000 0.017188 0.035937
0 0.808594 0.548438 0.021875 0.046875
0 0.693359 0.919141 0.021094 0.046094
0 0.612500 0.890625 0.020313 0.043750
0 0.797656 0.419531 0.012500 0.026562
0 0.045312 0.512891 0.018750 0.039844
0 0.196875 0.313672 0.014063 0.030469
0 0.626172 0.485938 0.014844 0.031250
0 0.485156 0.369531 0.018750 0.040625
