0 0.284766 0.165625 0.016406 0.035937
0 0.856641 0.485547 0.011719 0.025781
0 0.567969 0.200000 0.014063 0.029687
0 0.073828 0.644922 0.017969 0.038281
0 0.122656 0.389062 0.014063 0.031250
0 0.851953 0.918750 0.021094 0.045312
0 0.517578 0.573438 0.017969 0.039062
0 0.255469 0.297656 0.012500 0.028125
0 0.326953 0.820312 0.014844 0.031250
0 0.988672 0.225391 0.019531 0.041406
0 0.546094 0.296094 0.021875 0.046875
0 0.508203 0.799219 0.022656 0.046875
0 0.866797 0.787891 0.017969 0.038281
0 0.694531 0.213281 0.017188 0.037500
