0 0.086328 0.154688 0.016406 0.035937
0 0.060156 0.426563 0.012500 0.026562
0 0.719141 0.821484 0.016406 0.035156
0 0.642188 0.397656 0.020313 0.043750
0 0.387500 0.884375 0.018750 0.040625
0 0.264844 0.054297 0.012500 0.027344
0 0.023828 0.695312 0.019531 0.040625
0 0.237500 0.904297 0.012500 0.027344
0 0.259766 0.623047 0.013281 0.028906
0 0.471094 0.794141 0.015625 0.033594
0 0.295312 0.732031 0.015625 0.031250
0 0.886719 0.700781 0.012500 0.026562
0 0.769141 0.300781 0.013281 0.028125
0 0.090625 0.456641 0.020313 0.042969
0 0.985938 0.434375 0.018750 0.040625
0 0.698828 0.344141 0.013281 0.028906
0 0.681250 0.746094 0.015625 0.034375
0 0.783594 0.558203 0.020313 0.044531
0 0.537109 0.241016 0.017969 0.038281
0 0.050000 0.092578 0.018750 0.039844
0 0.347656 0.785937 0.017188 0.037500
0 0.486719 0.293750 0.014063 0.031250
0 0.623437 0.767188 0.014063 0.031250
0 0.923438 0.351172 0.017188 0.036719
0 0.682813 0.622266 0.012500 0.027344
0 0.781641 0.775000 0.019531 0.042188
0 0.839063 0.183594 0.014063 0.031250
0 0.847656 0.651172 0.020313 0.041406
