0 0.533594 0.874609 0.017188 0.038281
0 0.378516 0.262500 0.017969 0.039062
0 0.730469 0.353906 0.018750 0.039062
0 0.821094 0.111719 0.014063 0.031250
0 0.718750 0.838281 0.015625 0.034375
0 0.519141 0.346875 0.017969 0.039062
0 0.985156 0.693359 0.012500 0.027344
0 0.088281 0.197266 0.020313 0.044531
0 0.827344 0.273438 0.015625 0.034375
0 0.036328 0.297266 0.014844 0.032031
0 0.889844 0.738281 0.014063 0.031250
0 0.024219 0.344531 0.017188 0.037500
0 0.163281 0.791797 0.020313 0.042969
0 0.853125 0.054297 0.015625 0.032031
0 0.632422 0.739453 0.017969 0.039844
0 0.977734 0.124219 0.017969 0.039062
0 0.921094 0.137109 0.021875 0.047656
0 0.847266 0.908203 0.013281 0.028906
