0 0.862500 0.632812 0.020313 0.042188
0 0.394922 0.745313 0.016406 0.034375
0 0.978516 0.143359 0.016406 0.033594
0 0.341797 0.812109 0.014844 0.032031
0 0.233203 0.050391 0.014844 0.032031
0 0.480859 0.361328 0.013281 0.028906
0 0.732422 0.898438 0.013281 0.028125
0 0.929688 0.656250 0.017188 0.037500
0 0.292578 0.348828 0.013281 0.028906
0 0.594141 0.891016 0.019531 0.041406
0 0.988672 0.178125 0.016406 0.034375
0 0.316797 0.651953 0.021094 0.046094
0 0.707812 0.423438 0.021875 0.046875
0 0.672266 0.515625 0.016406 0.035937
0 0.065234 0.778906 0.013281 0.028125
0 0.918359 0.575391 0.011719 0.025781
0 0.617969 0.945312 0.015625 0.034375
0 0.989062 0.566406 0.020313 0.043750
0 0.364844 0.965625 0.018750 0.039062
0 0.199609 0.306641 0.019531 0.042969
0 0.214062 0.801953 0.014063 0.030469
0 0.320312 0.756641 0.018750 0.041406
0 0.950781 0.746094 0.018750 0.040625
0 0.781250 0.221094 0.015625 0.034375
0 0.182422 0.652734 0.014844 0.032031
0 0.265625 0.389844 0.018750 0.040625
0 0.752344 0.777734 0.012500 0.027344
0 0.021094 0.768359 0.018750 0.039844
0 0.921484 0.785547 0.021094 0.046094
0 0.908594 0.535156 0.018750 0.040625
