0 0.525000 0.972266 0.020313 0.044531
0 0.527734 0.654687 0.014844 0.032813
0 0.600000 0.443750 0.020313 0.043750
0 0.568359 0.860547 0.013281 0.028906
0 0.263281 0.184766 0.014063 0.030469
0 0.428906 0.964453 0.015625 0.033594
0 0.957422 0.527734 0.013281 0.028906
0 0.082812 0.537109 0.021875 0.047656
0 0.954297 0.131641 0.021094 0.046094
0 0.831641 0.580859 0.019531 0.039844
0 0.265625 0.787109 0.017188 0.036719
0 0.794531 0.232422 0.015625 0.033594
0 0.459375 0.753906 0.021875 0.046875
0 0.312891 0.713672 0.021094 0.046094
0 0.687891 0.123438 0.019531 0.042188
0 0.615234 0.338672 0.016406 0.035156
0 0.287109 0.052734 0.019531 0.042969
0 0.102344 0.838281 0.015625 0.034375
0 0.308203 0.434375 0.014844 0.032813
0 0.290234 0.045312 0.011719 0.025000
0 0.212500 0.128906 0.021875 0.046875
