0 0.007422 0.725000 0.014844 0.031250
0 0.852344 0.883594 0.012500 0.028125
0 0.401953 0.672656 0.017969 0.039062
0 0.674219 0.204297 0.018750 0.039844
0 0.703516 0.718359 0.017969 0.038281
0 0.812109 0.296484 0.016406 0.035156
0 0.525781 0.913672 0.014063 0.030469
0 0.945703 0.883594 0.019531 0.042188
0 0.638281 0.621094 0.017188 0.037500
0 0.599609 0.948828 0.019531 0.042969
0 0.623047 0.925781 0.011719 0.026562
0 0.660156 0.268750 0.015625 0.034375
0 0.980078 0.407031 0.014844 0.031250
0 0.562500 0.424219 0.021875 0.046875
0 0.976562 0.345703 0.012500 0.027344
0 0.520312 0.481641 0.012500 0.027344
0 0.850781 0.609766 0.015625 0.033594
0 0.755078 0.833984 0.011719 0.025781
0 0.341016 0.280469 0.014844 0.031250
0 0.228516 0.796094 0.019531 0.042188
0 0.098047 0.726953 0.019531 0.039844
0 0.732031 0.630469 0.021875 0.046875
0 0.914453 0.871875 0.016406 0.035937
0 0.339453 0.187500 0.021094 0.045312
0 0.745703 0.255859 0.011719 0.025781
0 0.084766 0.624609 0.017969 0.039844
