0 0.325000 0.200781 0.021875 0.046875
0 0.279297 0.519531 0.013281 0.028125
0 0.285547 0.309766 0.019531 0.041406
0 0.757422 0.703516 0.014844 0.032031
0 0.175781 0.347656 0.020313 0.043750
0 0.610547 0.033203 0.014844 0.032031
0 0.971094 0.031641 0.014063 0.030469
0 0.271875 0.867578 0.015625 0.033594
0 0.234766 0.630469 0.016406 0.035937
0 0.101562 0.214844 0.021875 0.045312
0 0.593750 0.323437 0.018750 0.040625
0 0.708984 0.129297 0.021094 0.046094
0 0.332031 0.844141 0.017188 0.036719
0 0.694922 0.883203 0.011719 0.025781
0 0.361719 0.621484 0.018750 0.041406
0 0.650391 0.358594 0.013281 0.028125
0 0.958594 0.733203 0.012500 0.027344
0 0.348047 0.076172 0.017969 0.038281
0 0.176172 0.211328 0.014844 0.032031
0 0.916016 0.827734 0.021094 0.046094
0 0.377344 0.883203 0.012500 0.027344
0 0.223828 0.952344 0.016406 0.035937
0 0.483203 0.337500 0.017969 0.039062
0 0.183984 0.493359 0.013281 0.028906
0 0.267578 0.815234 0.021094 0.044531
0 0.399609 0.060937 0.017969 0.039062
0 0.060937 0.795312 0.021875 0.046875
0 0.531250 0.359375 0.018750 0.040625
