0 0.694531 0.101562 0.017188 0.037500
0 0.151953 0.801172 0.017969 0.039844
0 0.282031 0.333984 0.020313 0.044531
0 0.174609 0.509375 0.014844 0.031250
0 0.924609 0.734375 0.013281 0.029687
0 0.925391 0.954297 0.017969 0.038281
0 0.710547 0.893750 0.021094 0.045312
0 0.348047 0.191797 0.014844 0.032031
0 0.237891 0.061328 0.014844 0.032031
0 0.564844 0.935156 0.021875 0.046875
0 0.908203 0.288281 0.019531 0.042188
0 0.804688 0.347266 0.012500 0.027344
0 0.874609 0.809375 0.014844 0.032813
0 0.131250 0.948438 0.012500 0.026562
0 0.309766 0.643750 0.019531 0.042188
0 0.813281 0.247266 0.020313 0.044531
0 0.196484 0.428906 0.021094 0.045312
0 0.035547 0.933594 0.013281 0.028125
0 0.117969 0.229687 0.017188 0.035937
0 0.017188 0.751563 0.021875 0.046875
0 0.458203 0.896875 0.021094 0.045312
0 0.738672 0.359766 0.017969 0.039844
0 0.058594 0.236328 0.017188 0.036719
0 0.221875 0.221094 0.021875 0.046875
0 0.566016 0.724219 0.016406 0.035937
