0 0.976562 0.184766 0.017188 0.035156
0 0.702344 0.785156 0.014063 0.029687
0 0.096094 0.366016 0.012500 0.027344
0 0.333984 0.537891 0.013281 0.028906
0 0.833203 0.882812 0.014844 0.032813
0 0.440234 0.048047 0.019531 0.042969
0 0.794141 0.847266 0.011719 0.025781
0 0.815625 0.752344 0.014063 0.029687
0 0.837109 0.281250 0.013281 0.028125
0 0.762891 0.403125 0.013281 0.028125
0 0.980469 0.418750 0.015625 0.032813
0 0.917188 0.523828 0.014063 0.028906
0 0.160156 0.458594 0.014063 0.031250
0 0.511328 0.419531 0.014844 0.032813
0 0.126562 0.805469 0.014063 0.029687
0 0.539453 0.505859 0.017969 0.039844
0 0.750781 0.339062 0.021875 0.046875
0 0.249219 0.414844 0.017188 0.037500
0 0.884375 0.530859 0.012500 0.027344
0 0.089844 0.634766 0.017188 0.036719
0 0.417187 0.898438 0.021875 0.046875
0 0.644141 0.118359 0.019531 0.042969
0 0.926172 0.823438 0.016406 0.035937
0 0.193750 0.209375 0.018750 0.040625
0 0.553906 0.818750 0.020313 0.043750
0 0.062109 0.399609 0.017969 0.039844
0 0.327734 0.753125 0.017969 0.037500
