0 0.867188 0.409375 0.017188 0.035937
0 0.239063 0.047656 0.014063 0.031250
0 0.081641 0.883203 0.022656 0.046094
0 0.837109 0.148047 0.022656 0.046094
0 0.264453 0.771484 0.011719 0.025781
0 0.710156 0.749219 0.014063 0.031250
0 0.841797 0.712109 0.017969 0.036719
0 0.505859 0.239844 0.019531 0.042188
0 0.108594 0.424219 0.015625 0.034375
0 0.323828 0.796875 0.013281 0.029687
0 0.606250 0.135937 0.017188 0.037500
0 0.459766 0.684766 0.017969 0.038281
0 0.194141 0.020313 0.016406 0.034375
0 0.243750 0.901563 0.015625 0.034375
0 0.217188 0.512891 0.020313 0.042969
0 0.891016 0.115234 0.011719 0.025781
0 0.381641 0.054688 0.019531 0.042188
0 0.358984 0.466016 0.021094 0.046094
0 0.787500 0.889844 0.020313 0.043750
0 0.606641 0.783984 0.013281 0.028906
0 0.908984 0.057031 0.014844 0.031250
0 0.761719 0.842969 0.012500 0.026562
0 0.201953 0.907813 0.017969 0.039062
0 0.332813 0.674219 0.014063 0.029687
0 0.161719 0.312500 0.017188 0.037500
