0 0.810800 0.071673 0.004836 0.015104
0 0.851602 0.852807 0.005037 0.015104
0 0.268487 0.716871 0.004634 0.013964
0 0.801028 0.534483 0.004634 0.013964
0 0.928269 0.799088 0.003627 0.010829
0 0.614044 0.786121 0.004634 0.013964
0 0.250252 0.575948 0.004030 0.012539
0 0.974209 0.044172 0.004433 0.013679
0 0.718517 0.241664 0.005239 0.015389
0 0.526698 0.920918 0.004836 0.015104
0 0.238565 0.643488 0.004836 0.014249
0 0.737457 0.286121 0.004433 0.013679
0 0.700786 0.040610 0.004433 0.012824
0 0.620592 0.796523 0.004836 0.014819
0 0.964235 0.739812 0.005440 0.015959
