0 0.440625 0.312891 0.014063 0.030469
0 0.189844 0.635938 0.017188 0.037500
0 0.991016 0.292969 0.014844 0.032813
0 0.749609 0.853125 0.014844 0.032813
0 0.348438 0.183984 0.018750 0.041406
0 0.039062 0.665234 0.021875 0.046094
0 0.376172 0.766797 0.017969 0.038281
0 0.775781 0.335156 0.012500 0.028125
0 0.144531 0.301953 0.014063 0.028906
0 0.292578 0.667188 0.019531 0.042188
0 0.040234 0.138672 0.013281 0.028906
0 0.632031 0.596484 0.018750 0.039844
0 0.393359 0.511719 0.021094 0.045312
0 0.296875 0.985156 0.014063 0.029687
0 0.583594 0.975781 0.012500 0.026562
0 0.031641 0.755078 0.019531 0.041406
0 0.176563 0.060547 0.020313 0.044531
0 0.639844 0.275391 0.021875 0.044531
0 0.780078 0.527734 0.021094 0.046094
0 0.190625 0.678906 0.020313 0.043750
0 0.923828 0.841797 0.019531 0.039844
0 0.619531 0.060156 0.012500 0.026562
0 0.822656 0.774219 0.018750 0.040625
0 0.623437 0.907031 0.012500 0.026562
0 0.542188 0.526563 0.014063 0.028125
0 0.594531 0.431250 0.015625 0.034375
