0 0.671094 0.281250 0.015625 0.034375
0 0.967187 0.505078 0.021875 0.046094
0 0.204297 0.960156 0.016406 0.032813
0 0.359766 0.576172 0.017969 0.038281
0 0.723047 0.635938 0.019531 0.042188
0 0.230469 0.426563 0.021875 0.046875
0 0.350781 0.966797 0.014063 0.028906
0 0.532813 0.422266 0.014063 0.030469
0 0.131641 0.590234 0.019531 0.042969
0 0.273438 0.969531 0.015625 0.034375
0 0.506641 0.244531 0.013281 0.029687
0 0.638672 0.527734 0.014844 0.032031
0 0.958984 0.462891 0.021094 0.046094
0 0.691016 0.794141 0.021094 0.046094
0 0.834375 0.224219 0.021875 0.046875
0 0.659375 0.252734 0.015625 0.033594
0 0.285547 0.726172 0.019531 0.042969
0 0.475391 0.713672 0.017969 0.038281
0 0.545312 0.758594 0.015625 0.034375
0 0.387500 0.403516 0.012500 0.027344
0 0.660156 0.768359 0.012500 0.027344
0 0.590234 0.540625 0.013281 0.026562
0 0.254297 0.628906 0.017969 0.039062
0 0.885156 0.200000 0.015625 0.032813
0 0.897656 0.567187 0.012500 0.026562
0 0.432422 0.942187 0.013281 0.029687
0 0.564844 0.125000 0.020313 0.042188
0 0.151172 0.482031 0.014844 0.031250
0 0.815234 0.447656 0.014844 0.032813
