0 0.026899 0.262610 0.005037 0.015104
0 0.710155 0.578940 0.004231 0.012824
0 0.315132 0.382873 0.004433 0.013394
0 0.095708 0.778712 0.004030 0.012254
0 0.132279 0.580365 0.003828 0.011114
0 0.381423 0.074523 0.005239 0.015104
0 0.978037 0.415361 0.004030 0.012254
0 0.180838 0.107581 0.005440 0.015674
0 0.667540 0.515247 0.005239 0.015959
0 0.135906 0.132089 0.003425 0.010544
0 0.742595 0.358649 0.004231 0.012254
0 0.215595 0.789541 0.004836 0.013964
0 0.553496 0.389427 0.004030 0.012254
0 0.741789 0.931319 0.003425 0.010829
