0 0.221741 0.900114 0.003828 0.011684
0 0.249647 0.492875 0.003627 0.011114
0 0.901269 0.041750 0.004433 0.012824
0 0.953355 0.496438 0.004634 0.014249
0 0.240379 0.709604 0.003627 0.010829
0 0.902579 0.103733 0.005037 0.015389
0 0.336792 0.377743 0.005037 0.015104
0 0.386661 0.346252 0.003627 0.010829
0 0.721237 0.717583 0.004231 0.012539
0 0.633488 0.207467 0.004030 0.012539
0 0.938142 0.990311 0.004433 0.013109
0 0.558634 0.896552 0.004634 0.014249
0 0.936430 0.333998 0.004231 0.012539
0 0.519545 0.193787 0.003828 0.011969
