0 0.269141 0.962109 0.019531 0.041406
0 0.135547 0.486328 0.016406 0.035156
0 0.976953 0.844141 0.017969 0.038281
0 0.579297 0.766406 0.019531 0.042188
0 0.437500 0.139844 0.015625 0.034375
0 0.717969 0.343750 0.012500 0.028125
0 0.978516 0.175781 0.013281 0.028125
0 0.228906 0.934375 0.017188 0.037500
0 0.520312 0.853516 0.015625 0.033594
0 0.453906 0.967969 0.020313 0.042188
0 0.288281 0.699219 0.021875 0.046875
0 0.386328 0.855859 0.016406 0.035156
0 0.733984 0.895312 0.016406 0.035937
0 0.411328 0.269531 0.016406 0.035937
0 0.128516 0.360156 0.017969 0.039062
