0 0.638827 0.861784 0.003828 0.011969
0 0.816845 0.191935 0.003627 0.010544
0 0.014407 0.455543 0.005037 0.015674
0 0.445194 0.773582 0.003828 0.011684
0 0.643059 0.873326 0.005037 0.015674
0 0.251159 0.671559 0.004231 0.012824
0 0.200383 0.736677 0.004634 0.014249
0 0.431090 0.910373 0.004634 0.013964
0 0.413762 0.581932 0.005037 0.015389
0 0.992444 0.369906 0.004634 0.014249
0 0.688394 0.204474 0.004634 0.013964
0 0.967661 0.720861 0.005037 0.015104
0 0.673081 0.398832 0.005037 0.015104
0 0.952448 0.761471 0.004836 0.014819
0 0.059843 0.965660 0.003627 0.011114
