0 0.161719 0.857422 0.017188 0.036719
0 0.816016 0.135156 0.014844 0.031250
0 0.671484 0.247656 0.013281 0.028125
0 0.442578 0.525781 0.019531 0.042188
0 0.301172 0.416016 0.019531 0.041406
0 0.692969 0.764062 0.015625 0.032813
0 0.330078 0.666797 0.021094 0.046094
0 0.955469 0.656641 0.020313 0.044531
0 0.407031 0.737500 0.014063 0.029687
0 0.403125 0.125000 0.012500 0.026562
0 0.928516 0.505078 0.014844 0.032031
0 0.075781 0.492188 0.014063 0.029687
0 0.139063 0.259375 0.015625 0.034375
0 0.613672 0.316016 0.017969 0.038281
0 0.424609 0.288672 0.022656 0.046094
0 0.788672 0.446094 0.021094 0.045312
0 0.980469 0.319922 0.020313 0.044531
0 0.704688 0.614844 0.018750 0.040625
