0 0.543750 0.378516 0.015625 0.033594
0 0.260156 0.339062 0.015625 0.034375
0 0.871094 0.305078 0.021875 0.044531
0 0.230078 0.755469 0.016406 0.035937
0 0.675391 0.220703 0.021094 0.046094
0 0.494922 0.485156 0.017969 0.039062
0 0.744531 0.211328 0.015625 0.033594
0 0.214062 0.637109 0.020313 0.044531
0 0.317969 0.420312 0.017188 0.035937
0 0.816797 0.876172 0.021094 0.044531
0 0.616797 0.164453 0.013281 0.028906
0 0.519141 0.250781 0.019531 0.040625
0 0.551172 0.174219 0.019531 0.042188
0 0.854297 0.898438 0.013281 0.028125
0 0.016797 0.823438 0.016406 0.035937
0 0.267188 0.522656 0.021875 0.046875
0 0.816797 0.585156 0.019531 0.042188
0 0.253125 0.045312 0.014063 0.031250
0 0.177734 0.281641 0.014844 0.032031
0 0.385937 0.492578 0.012500 0.027344
0 0.748437 0.160547 0.021875 0.046094
0 0.783203 0.037109 0.019531 0.042969
0 0.593359 0.169922 0.014844 0.032031
0 0.546094 0.324219 0.012500 0.026562
0 0.184766 0.098047 0.016406 0.033594
0 0.898438 0.663672 0.018750 0.039844
0 0.884375 0.179297 0.021875 0.044531
