0 0.060937 0.378125 0.015625 0.032813
0 0.039062 0.121875 0.018750 0.040625
0 0.952344 0.943359 0.020313 0.041406
0 0.862500 0.581250 0.021875 0.045312
0 0.094141 0.649219 0.014844 0.032813
0 0.066016 0.690234 0.014844 0.032031
0 0.071484 0.841406 0.016406 0.035937
0 0.760547 0.528125 0.021094 0.045312
0 0.628516 0.160547 0.017969 0.038281
0 0.116016 0.534375 0.014844 0.032813
0 0.771484 0.129297 0.021094 0.042969
0 0.974609 0.794141 0.017969 0.036719
0 0.011719 0.346094 0.020313 0.043750
0 0.753516 0.255078 0.011719 0.025781
0 0.959375 0.652344 0.014063 0.031250
0 0.885156 0.607031 0.014063 0.031250
0 0.359375 0.879687 0.012500 0.026562
0 0.187500 0.306641 0.014063 0.030469
0 0.535547 0.428516 0.013281 0.028906
0 0.171094 0.941016 0.012500 0.027344
0 0.432812 0.287500 0.014063 0.029687
