0 0.705469 0.843750 0.015625 0.034375
0 0.344141 0.953516 0.013281 0.027344
0 0.128125 0.698828 0.020313 0.042969
0 0.364453 0.369531 0.016406 0.034375
0 0.227344 0.481250 0.017188 0.037500
0 0.993359 0.911328 0.013281 0.028906
0 0.430469 0.114453 0.021875 0.046094
0 0.608984 0.521484 0.013281 0.028906
0 0.843359 0.057813 0.016406 0.035937
0 0.846875 0.418750 0.014063 0.029687
0 0.465234 0.663672 0.019531 0.042969
0 0.019141 0.741406 0.013281 0.029687
0 0.023047 0.154297 0.019531 0.041406
0 0.484375 0.535156 0.017188 0.037500
0 0.951953 0.439063 0.021094 0.045312
