0 0.043750 0.980859 0.012500 0.027344
0 0.169141 0.875391 0.021094 0.042969
0 0.574219 0.728906 0.015625 0.032813
0 0.659766 0.307031 0.017969 0.037500
0 0.099219 0.251563 0.015625 0.032813
0 0.959375 0.523047 0.021875 0.047656
0 0.970313 0.286719 0.014063 0.028125
0 0.280469 0.151562 0.021875 0.046875
0 0.038672 0.469922 0.013281 0.028906
0 0.698047 0.764062 0.014844 0.031250
0 0.098828 0.798828 0.011719 0.025781
0 0.381250 0.653516 0.018750 0.039844
0 0.623047 0.534375 0.016406 0.032813
0 0.793359 0.958594 0.013281 0.028125
0 0.289062 0.938672 0.012500 0.025781
0 0.821484 0.883594 0.011719 0.026562
0 0.508594 0.233594 0.017188 0.035937
0 0.458984 0.852734 0.016406 0.035156
0 0.438672 0.107813 0.019531 0.042188
0 0.732812 0.976953 0.021875 0.046094
0 0.059766 0.543750 0.014844 0.032813
0 0.886328 0.526563 0.022656 0.046875
0 0.662891 0.783594 0.022656 0.046875
0 0.632422 0.407422 0.019531 0.042969
0 0.320703 0.758203 0.021094 0.046094
0 0.092188 0.623437 0.020313 0.043750
0 0.964063 0.706250 0.014063 0.029687
0 0.039062 0.729688 0.020313 0.042188
0 0.094141 0.909375 0.017969 0.037500
0 0.267188 0.553906 0.014063 0.029687
