0 0.249446 0.217868 0.005239 0.015674
0 0.111425 0.424480 0.004030 0.012254
0 0.365706 0.514962 0.004836 0.014819
0 0.079186 0.390995 0.003627 0.010829
0 0.929780 0.196210 0.005037 0.015104
0 0.696051 0.680251 0.003828 0.011969
0 0.424542 0.547307 0.004030 0.012254
0 0.379206 0.891137 0.003627 0.010829
0 0.466150 0.600313 0.003828 0.011684
0 0.750151 0.223710 0.004433 0.013109
0 0.708442 0.010829 0.004836 0.014819
0 0.595305 0.145198 0.004231 0.012254
0 0.510478 0.296381 0.004231 0.013109
0 0.951743 0.064548 0.005037 0.015674
