0 0.365625 0.862109 0.012500 0.027344
0 0.654687 0.246094 0.012500 0.026562
0 0.204687 0.792188 0.017188 0.037500
0 0.772656 0.720703 0.018750 0.039844
0 0.644141 0.687109 0.019531 0.041406
0 0.323828 0.429688 0.013281 0.028125
0 0.142969 0.956250 0.021875 0.046875
0 0.057422 0.769531 0.021094 0.045312
0 0.507812 0.894531 0.014063 0.031250
0 0.389453 0.683594 0.016406 0.035937
0 0.811328 0.265625 0.021094 0.045312
0 0.433203 0.209766 0.014844 0.032031
0 0.254297 0.072266 0.021094 0.044531
0 0.777344 0.763281 0.018750 0.040625
0 0.757422 0.903125 0.016406 0.034375
0 0.441016 0.276172 0.021094 0.046094
0 0.191016 0.227734 0.016406 0.035156
0 0.099609 0.280078 0.014844 0.032031
0 0.528125 0.798438 0.018750 0.040625
0 0.220703 0.798828 0.013281 0.028906
0 0.178906 0.737500 0.012500 0.026562
0 0.225781 0.864062 0.017188 0.037500
0 0.216016 0.277734 0.014844 0.032031
0 0.589063 0.767578 0.014063 0.030469
0 0.132031 0.420312 0.020313 0.043750
0 0.969141 0.542969 0.019531 0.042188
0 0.465625 0.762109 0.018750 0.041406
0 0.503125 0.583594 0.014063 0.029687
0 0.248828 0.097656 0.013281 0.028125
