0 0.582812 0.519922 0.014063 0.030469
0 0.978516 0.540234 0.011719 0.025781
0 0.949219 0.091797 0.017188 0.036719
0 0.249609 0.078516 0.016406 0.035156
0 0.301563 0.952734 0.021875 0.046094
0 0.962109 0.793750 0.019531 0.042188
0 0.525781 0.767188 0.018750 0.039062
0 0.798047 0.971484 0.014844 0.032031
0 0.598828 0.666016 0.014844 0.032031
0 0.330469 0.185938 0.015625 0.032813
0 0.797266 0.598047 0.014844 0.032031
0 0.710547 0.716797 0.021094 0.042969
0 0.662891 0.106250 0.014844 0.031250
0 0.526953 0.935156 0.013281 0.028125
0 0.040234 0.501172 0.021094 0.044531
0 0.567578 0.378125 0.017969 0.037500
0 0.877344 0.212500 0.021875 0.046875
0 0.592578 0.563672 0.016406 0.035156
0 0.595313 0.233984 0.017188 0.038281
0 0.798438 0.457422 0.017188 0.036719
0 0.725781 0.516406 0.018750 0.040625
0 0.085938 0.370312 0.021875 0.046875
0 0.678906 0.570312 0.020313 0.043750
0 0.811719 0.241797 0.012500 0.027344
