0 0.739502 0.448514 0.012207 0.037319
0 0.358154 0.657567 0.009277 0.028334
0 0.456055 0.407740 0.008789 0.026261
0 0.644531 0.485142 0.009766 0.030408
0 0.863281 0.222875 0.009766 0.029717
0 0.829102 0.828611 0.011719 0.035936
0 0.754883 0.048030 0.012695 0.038010
0 0.770020 0.864547 0.012695 0.037319
0 0.802002 0.346579 0.011230 0.032481
0 0.865967 0.551831 0.009277 0.026952
0 0.908936 0.192813 0.011230 0.034554
0 0.364990 0.928818 0.012207 0.037319
0 0.916748 0.071527 0.009277 0.028334
0 0.693115 0.064616 0.011230 0.033863
