0 0.733203 0.887891 0.021094 0.046094
0 0.962500 0.839063 0.020313 0.043750
0 0.164453 0.379688 0.013281 0.029687
0 0.803125 0.794922 0.012500 0.027344
0 0.307031 0.210156 0.020313 0.043750
0 0.184766 0.852344 0.013281 0.028125
0 0.963281 0.470703 0.017188 0.036719
0 0.956250 0.121875 0.021875 0.046875
0 0.783984 0.179688 0.021094 0.045312
0 0.843750 0.390625 0.018750 0.040625
0 0.724609 0.837500 0.016406 0.035937
0 0.796875 0.907813 0.020313 0.043750
0 0.592187 0.171484 0.015625 0.032031
0 0.626953 0.541797 0.017969 0.036719
0 0.856250 0.788281 0.012500 0.028125
0 0.436328 0.387500 0.014844 0.032813
0 0.981250 0.410547 0.020313 0.041406
0 0.756250 0.720313 0.012500 0.028125
0 0.594141 0.326172 0.011719 0.025781
0 0.284766 0.198828 0.016406 0.035156
0 0.621094 0.771875 0.021875 0.045312
0 0.413672 0.039062 0.014844 0.032813
0 0.948828 0.730859 0.019531 0.041406
0 0.412109 0.960938 0.011719 0.026562
0 0.213672 0.628906 0.021094 0.045312
