0 0.087109 0.153125 0.014844 0.029687
0 0.819922 0.295312 0.016406 0.035937
0 0.058984 0.647656 0.011719 0.026562
0 0.890625 0.447266 0.014063 0.030469
0 0.090625 0.524609 0.020313 0.044531
0 0.427734 0.204297 0.014844 0.032031
0 0.985156 0.125391 0.012500 0.027344
0 0.138672 0.598047 0.019531 0.041406
0 0.243359 0.422656 0.017969 0.039062
0 0.025000 0.620313 0.012500 0.026562
0 0.677344 0.709766 0.014063 0.028906
0 0.181641 0.072656 0.019531 0.042188
0 0.769922 0.388672 0.011719 0.025781
0 0.090625 0.803125 0.014063 0.029687
0 0.552344 0.038281 0.021875 0.046875
0 0.587500 0.144922 0.012500 0.027344
0 0.411328 0.195703 0.019531 0.041406
0 0.017969 0.944531 0.018750 0.040625
0 0.972266 0.219922 0.017969 0.039844
0 0.411328 0.512891 0.021094 0.046094
0 0.530078 0.358984 0.011719 0.025781
0 0.926172 0.608594 0.021094 0.045312
