0 0.369873 0.062198 0.011230 0.034554
0 0.296631 0.747063 0.012207 0.037319
0 0.280762 0.440221 0.011719 0.035936
0 0.806396 0.956116 0.011230 0.033863
0 0.545410 0.666897 0.012695 0.038701
0 0.924805 0.584658 0.008789 0.027643
0 0.400146 0.410159 0.011230 0.033863
0 0.915771 0.571527 0.010254 0.030408
0 0.191895 0.843124 0.009766 0.030408
0 0.633789 0.751209 0.009766 0.030408
0 0.296143 0.109883 0.010254 0.030408
0 0.587891 0.277816 0.008789 0.027643
0 0.332520 0.867312 0.009766 0.030408
0 0.174316 0.593296 0.010742 0.032481
