0 0.465820 0.827229 0.009766 0.030408
0 0.896729 0.293711 0.009277 0.027643
0 0.387451 0.231859 0.012207 0.038010
0 0.121582 0.477885 0.008789 0.026952
0 0.174316 0.262267 0.009766 0.029717
0 0.738037 0.722529 0.010254 0.031099
0 0.355713 0.159295 0.011230 0.033863
0 0.409668 0.567726 0.010742 0.032481
0 0.650635 0.375605 0.012207 0.036628
0 0.241943 0.598134 0.011230 0.033863
0 0.554199 0.522806 0.009766 0.029717
0 0.660156 0.131306 0.008789 0.026261
0 0.029297 0.707671 0.008789 0.026261
0 0.616455 0.334831 0.009277 0.028334
