0 0.616764 0.125249 0.004433 0.013394
0 0.926254 0.147050 0.004030 0.012539
0 0.419202 0.379025 0.004634 0.014249
0 0.055410 0.206612 0.003627 0.011399
0 0.725972 0.437732 0.004030 0.012539
0 0.563369 0.231547 0.004836 0.014534
0 0.123615 0.595611 0.003425 0.010829
0 0.015011 0.485466 0.003828 0.011684
0 0.892505 0.869194 0.004231 0.012539
0 0.220230 0.574808 0.004030 0.012539
0 0.260629 0.721716 0.004634 0.013394
0 0.745013 0.228128 0.005037 0.015104
0 0.143865 0.940866 0.004836 0.014534
0 0.230506 0.648760 0.004433 0.013394
