0 0.092188 0.019141 0.017188 0.036719
0 0.155859 0.139844 0.013281 0.029687
0 0.430078 0.973437 0.014844 0.032813
0 0.712891 0.067187 0.011719 0.026562
0 0.150391 0.640625 0.021094 0.045312
0 0.158203 0.164062 0.014844 0.032813
0 0.430078 0.641016 0.019531 0.041406
0 0.369922 0.201563 0.019531 0.042188
0 0.596875 0.464453 0.014063 0.030469
0 0.731641 0.455078 0.019531 0.041406
0 0.992188 0.644922 0.015625 0.033594
0 0.605078 0.128516 0.013281 0.028906
0 0.763281 0.263672 0.017188 0.036719
0 0.339062 0.092578 0.020313 0.044531
0 0.671875 0.243750 0.017188 0.035937
0 0.314063 0.347656 0.021875 0.046875
0 0.855859 0.783984 0.021094 0.042969
0 0.031250 0.981641 0.014063 0.030469
0 0.534375 0.794922 0.018750 0.039844
0 0.264062 0.869141 0.020313 0.042969
0 0.982031 0.401562 0.015625 0.032813
0 0.292578 0.339844 0.011719 0.026562
0 0.028906 0.587891 0.020313 0.044531
0 0.180859 0.951562 0.019531 0.040625
0 0.948828 0.915234 0.019531 0.042969
0 0.160156 0.241797 0.015625 0.033594
0 0.495312 0.476172 0.020313 0.044531
0 0.974219 0.295312 0.017188 0.035937
0 0.991406 0.577344 0.015625 0.032813
0 0.045312 0.205078 0.012500 0.025781
