0 0.450684 0.819627 0.009766 0.029026
0 0.199219 0.110228 0.011719 0.035245
0 0.540039 0.100898 0.009766 0.029026
0 0.944580 0.803732 0.009277 0.027643
0 0.551758 0.457498 0.009766 0.029026
0 0.960449 0.553214 0.010742 0.031099
0 0.087646 0.462336 0.008301 0.026261
0 0.123535 0.340014 0.008789 0.026261
0 0.538574 0.177263 0.012695 0.038010
0 0.885010 0.435038 0.012207 0.038010
0 0.789307 0.564962 0.011230 0.035245
0 0.624023 0.199032 0.010742 0.031790
0 0.149414 0.645819 0.011719 0.035245
0 0.828857 0.617830 0.011230 0.034554
0 0.083008 0.814098 0.008789 0.026261
