0 0.686719 0.209375 0.021875 0.046875
0 0.862891 0.638281 0.014844 0.031250
0 0.819531 0.323828 0.017188 0.036719
0 0.899609 0.662500 0.014844 0.031250
0 0.262500 0.436328 0.015625 0.033594
0 0.243359 0.377344 0.016406 0.035937
0 0.951953 0.439453 0.017969 0.038281
0 0.821484 0.130469 0.016406 0.035937
0 0.812109 0.344922 0.011719 0.025781
0 0.349219 0.810937 0.012500 0.026562
0 0.514062 0.075000 0.021875 0.046875
0 0.840234 0.079297 0.013281 0.028906
0 0.988281 0.811719 0.020313 0.042188
0 0.266016 0.341406 0.019531 0.042188
0 0.398828 0.906250 0.021094 0.045312
0 0.139844 0.889062 0.015625 0.034375
0 0.049609 0.639062 0.021094 0.045312
0 0.888281 0.587500 0.014063 0.031250
0 0.037109 0.973437 0.017969 0.037500
0 0.261328 0.517578 0.011719 0.025781
0 0.633984 0.813281 0.016406 0.035937
0 0.422266 0.315234 0.013281 0.028906
0 0.344141 0.498047 0.022656 0.046094
0 0.904297 0.036328 0.021094 0.044531
