0 0.431641 0.227344 0.014844 0.032813
0 0.714453 0.400781 0.013281 0.026562
0 0.921875 0.240625 0.015625 0.034375
0 0.812500 0.541797 0.012500 0.027344
0 0.030078 0.581250 0.014844 0.032813
0 0.105078 0.826172 0.014844 0.030469
0 0.227344 0.756250 0.012500 0.026562
0 0.350781 0.128906 0.014063 0.029687
0 0.796875 0.197656 0.014063 0.029687
0 0.720313 0.562500 0.014063 0.029687
0 0.090234 0.627344 0.016406 0.035937
0 0.616016 0.642969 0.013281 0.028125
0 0.239844 0.711719 0.017188 0.037500
0 0.013672 0.319922 0.021094 0.046094
0 0.857422 0.234375 0.014844 0.031250
0 0.266016 0.105859 0.019531 0.041406
0 0.378906 0.884766 0.014063 0.030469
