0 0.492188 0.166016 0.014063 0.030469
0 0.767188 0.317969 0.012500 0.026562
0 0.580469 0.487500 0.012500 0.028125
0 0.928906 0.389453 0.021875 0.046094
0 0.585938 0.058594 0.014063 0.029687
0 0.656250 0.205469 0.015625 0.031250
0 0.839063 0.182812 0.012500 0.026562
0 0.007422 0.266797 0.014844 0.030469
0 0.549609 0.434375 0.017969 0.039062
0 0.214453 0.609766 0.021094 0.046094
0 0.280859 0.590625 0.016406 0.034375
0 0.386328 0.107031 0.014844 0.031250
0 0.269531 0.951953 0.020313 0.044531
0 0.722656 0.614062 0.014063 0.031250
0 0.306250 0.850781 0.012500 0.028125
0 0.555078 0.962500 0.016406 0.035937
0 0.284375 0.808594 0.014063 0.031250
0 0.735938 0.217969 0.020313 0.042188
0 0.245703 0.296094 0.021094 0.045312
0 0.923047 0.401562 0.016406 0.035937
0 0.734766 0.175781 0.016406 0.035937
0 0.153516 0.060547 0.016406 0.035156
0 0.269922 0.392969 0.014844 0.032813
0 0.489844 0.199219 0.020313 0.043750
0 0.195703 0.218359 0.019531 0.041406
