0 0.116406 0.641797 0.012500 0.025781
0 0.868750 0.673438 0.018750 0.040625
0 0.157812 0.280469 0.015625 0.034375
0 0.791406 0.169531 0.014063 0.031250
0 0.577734 0.817187 0.016406 0.035937
0 0.087891 0.612500 0.019531 0.042188
0 0.544141 0.069141 0.019531 0.039844
0 0.164453 0.658984 0.013281 0.028906
0 0.249609 0.128516 0.017969 0.038281
0 0.668750 0.509766 0.015625 0.033594
0 0.217578 0.546094 0.013281 0.028125
0 0.640234 0.407031 0.021094 0.045312
0 0.819141 0.648047 0.013281 0.028906
0 0.252344 0.066406 0.020313 0.043750
0 0.447656 0.662891 0.017188 0.036719
0 0.234766 0.305078 0.013281 0.028906
0 0.179297 0.180469 0.013281 0.029687
0 0.744141 0.918359 0.014844 0.032031
0 0.216797 0.129297 0.014844 0.032031
0 0.980859 0.453125 0.019531 0.040625
0 0.441016 0.533594 0.016406 0.035937
0 0.785547 0.856641 0.021094 0.046094
0 0.090234 0.223828 0.011719 0.025781
0 0.133594 0.775781 0.018750 0.039062
0 0.558203 0.801172 0.013281 0.027344
0 0.227344 0.565625 0.012500 0.026562
0 0.533203 0.816016 0.021094 0.042969
0 0.965625 0.174219 0.018750 0.040625
0 0.874609 0.408594 0.016406 0.035937
0 0.710547 0.223047 0.022656 0.046094
