0 0.825391 0.466797 0.017969 0.038281
0 0.435156 0.409375 0.018750 0.040625
0 0.054688 0.018750 0.017188 0.037500
0 0.952734 0.629687 0.014844 0.031250
0 0.867578 0.386328 0.021094 0.046094
0 0.952734 0.253906 0.021094 0.045312
0 0.576562 0.423438 0.021875 0.046875
0 0.279297 0.677344 0.019531 0.042188
0 0.737109 0.459375 0.019531 0.042188
0 0.967187 0.836328 0.018750 0.039844
0 0.658984 0.764453 0.014844 0.032031
0 0.841406 0.696094 0.012500 0.026562
0 0.045312 0.386719 0.020313 0.043750
0 0.269922 0.328516 0.016406 0.033594
0 0.218359 0.584375 0.019531 0.042188
0 0.835156 0.559766 0.014063 0.030469
0 0.260937 0.480078 0.012500 0.027344
