0 0.446094 0.759375 0.021875 0.046875
0 0.754687 0.941406 0.014063 0.029687
0 0.479687 0.290234 0.017188 0.038281
0 0.803516 0.934375 0.013281 0.029687
0 0.062500 0.205859 0.017188 0.036719
0 0.799609 0.760156 0.019531 0.042188
0 0.087109 0.602344 0.017969 0.039062
0 0.974219 0.657422 0.015625 0.033594
0 0.078125 0.144141 0.012500 0.027344
0 0.142969 0.974609 0.017188 0.038281
0 0.887500 0.081250 0.015625 0.034375
0 0.676562 0.273438 0.018750 0.039062
0 0.835156 0.780078 0.017188 0.036719
0 0.500781 0.127344 0.018750 0.039062
0 0.467969 0.091797 0.017188 0.038281
0 0.349609 0.946094 0.017969 0.039062
0 0.839063 0.178906 0.021875 0.046875
