0 0.236719 0.730078 0.018750 0.039844
0 0.527344 0.373047 0.012500 0.027344
0 0.785547 0.566406 0.014844 0.032813
0 0.112891 0.130859 0.014844 0.032031
0 0.754297 0.892578 0.021094 0.042969
0 0.404297 0.209375 0.022656 0.046875
0 0.782031 0.748437 0.014063 0.031250
0 0.829297 0.528906 0.019531 0.042188
0 0.479297 0.360156 0.019531 0.042188
0 0.938672 0.625391 0.021094 0.044531
0 0.736328 0.301172 0.011719 0.025781
0 0.946484 0.151172 0.016406 0.035156
0 0.200391 0.402734 0.021094 0.044531
0 0.188672 0.746484 0.019531 0.042969
0 0.822656 0.381641 0.018750 0.039844
0 0.349609 0.490234 0.016406 0.035156
0 0.094141 0.561719 0.016406 0.034375
0 0.273438 0.019531 0.017188 0.037500
0 0.142578 0.418750 0.019531 0.040625
0 0.095312 0.711719 0.021875 0.046875
0 0.435156 0.072656 0.012500 0.026562
0 0.061719 0.147656 0.021875 0.045312
0 0.705469 0.923438 0.020313 0.043750
0 0.771484 0.860547 0.014844 0.032031
0 0.380469 0.920703 0.014063 0.030469
