0 0.970703 0.605736 0.009766 0.029717
0 0.714355 0.245681 0.009766 0.029717
0 0.978271 0.639254 0.012207 0.037319
0 0.154785 0.289565 0.010742 0.031790
0 0.809570 0.873531 0.010742 0.033172
0 0.033936 0.747063 0.012207 0.037319
0 0.894043 0.682446 0.010742 0.032481
0 0.928955 0.856945 0.009277 0.029026
0 0.658447 0.436420 0.012207 0.036628
0 0.318604 0.071527 0.012207 0.038010
0 0.655273 0.343124 0.010742 0.031099
0 0.640137 0.167243 0.010742 0.033172
0 0.238281 0.324810 0.011719 0.035936
0 0.254639 0.800622 0.009277 0.028334
0 0.887695 0.390463 0.008789 0.027643
