0 0.713672 0.950000 0.017969 0.039062
0 0.130469 0.310547 0.012500 0.025781
0 0.435156 0.316016 0.021875 0.046094
0 0.412109 0.688281 0.021094 0.045312
0 0.166797 0.688281 0.019531 0.040625
0 0.227734 0.538672 0.013281 0.028906
0 0.683203 0.348828 0.016406 0.035156
0 0.753516 0.771094 0.021094 0.043750
0 0.972656 0.041016 0.018750 0.041406
0 0.723437 0.771094 0.015625 0.032813
0 0.267578 0.468359 0.019531 0.041406
0 0.776953 0.305078 0.011719 0.025781
0 0.428125 0.026562 0.021875 0.046875
0 0.268750 0.372266 0.012500 0.027344
0 0.935937 0.635156 0.020313 0.042188
0 0.241797 0.659375 0.019531 0.040625
0 0.205859 0.147266 0.019531 0.039844
0 0.198047 0.329297 0.011719 0.025781
0 0.434375 0.637109 0.012500 0.027344
