0 0.718359 0.544141 0.014844 0.032031
0 0.472656 0.178906 0.020313 0.043750
0 0.596484 0.067969 0.019531 0.042188
0 0.848047 0.636719 0.019531 0.040625
0 0.095312 0.878516 0.020313 0.044531
0 0.224609 0.403516 0.021094 0.046094
0 0.468750 0.632812 0.021875 0.045312
0 0.967969 0.325000 0.015625 0.034375
0 0.591016 0.170703 0.019531 0.039844
0 0.276562 0.542188 0.012500 0.026562
0 0.352344 0.982812 0.014063 0.031250
0 0.823047 0.366406 0.014844 0.032813
0 0.584766 0.513672 0.017969 0.036719
0 0.957422 0.671484 0.017969 0.036719
0 0.355469 0.558203 0.020313 0.041406
0 0.294922 0.736328 0.017969 0.038281
0 0.910937 0.055469 0.012500 0.026562
0 0.260547 0.487109 0.019531 0.041406
0 0.158203 0.266406 0.014844 0.029687
0 0.664453 0.087109 0.016406 0.035156
0 0.059375 0.433984 0.020313 0.044531
0 0.299219 0.876563 0.017188 0.037500
0 0.337500 0.932422 0.018750 0.039844
0 0.614453 0.833984 0.013281 0.028906
