0 0.271875 0.914844 0.021875 0.046875
0 0.963672 0.243359 0.017969 0.039844
0 0.182422 0.839063 0.013281 0.028125
0 0.263672 0.151562 0.019531 0.042188
0 0.223438 0.687891 0.018750 0.041406
0 0.789844 0.208594 0.017188 0.037500
0 0.189844 0.283594 0.012500 0.026562
0 0.842969 0.733984 0.018750 0.038281
0 0.767188 0.801953 0.015625 0.033594
0 0.116406 0.400781 0.014063 0.031250
0 0.296094 0.870703 0.012500 0.027344
0 0.321484 0.342578 0.014844 0.032031
0 0.208984 0.635938 0.013281 0.028125
0 0.319141 0.625391 0.014844 0.032031
0 0.696484 0.309375 0.019531 0.042188
0 0.861719 0.332813 0.017188 0.037500
0 0.364453 0.537500 0.016406 0.035937
0 0.705859 0.727734 0.021094 0.046094
0 0.597266 0.538672 0.016406 0.035156
0 0.732812 0.285547 0.014063 0.028906
0 0.877734 0.428906 0.013281 0.028125
0 0.285938 0.315625 0.015625 0.034375
0 0.645703 0.452734 0.017969 0.038281
0 0.356641 0.275391 0.019531 0.041406
