0 0.911328 0.916016 0.013281 0.028906
0 0.658594 0.525000 0.018750 0.040625
0 0.422266 0.949609 0.019531 0.042969
0 0.247656 0.862109 0.014063 0.030469
0 0.392969 0.529297 0.014063 0.030469
0 0.469922 0.142187 0.019531 0.042188
0 0.516016 0.884766 0.013281 0.028906
0 0.218359 0.853516 0.013281 0.028906
0 0.680469 0.159766 0.014063 0.030469
0 0.285547 0.528125 0.013281 0.028125
0 0.512500 0.670703 0.017188 0.038281
0 0.791016 0.146875 0.016406 0.035937
0 0.132812 0.405469 0.017188 0.035937
0 0.697266 0.677734 0.017969 0.038281
0 0.801953 0.515625 0.017969 0.039062
0 0.305078 0.702734 0.013281 0.028906
0 0.576172 0.398438 0.019531 0.042188
0 0.526563 0.676953 0.017188 0.036719
0 0.068750 0.062891 0.020313 0.042969
0 0.480859 0.273438 0.016406 0.035937
0 0.171094 0.846875 0.015625 0.034375
0 0.559375 0.104297 0.020313 0.044531
