0 0.862891 0.358594 0.019531 0.042188
0 0.777734 0.922266 0.011719 0.025781
0 0.565625 0.080859 0.017188 0.036719
0 0.314063 0.146484 0.014063 0.028906
0 0.822266 0.149219 0.019531 0.040625
0 0.307031 0.148828 0.018750 0.039844
0 0.885938 0.518359 0.012500 0.027344
0 0.392578 0.763672 0.022656 0.046094
0 0.908203 0.804688 0.014844 0.031250
0 0.347656 0.748047 0.021875 0.047656
0 0.733203 0.515625 0.017969 0.037500
0 0.943750 0.686719 0.015625 0.034375
0 0.457813 0.863281 0.018750 0.040625
0 0.036328 0.068359 0.011719 0.025781
0 0.463281 0.044531 0.014063 0.031250
0 0.406641 0.431250 0.013281 0.028125
0 0.746094 0.309375 0.021875 0.046875
0 0.210547 0.385937 0.019531 0.042188
0 0.084375 0.617969 0.014063 0.029687
0 0.267188 0.317188 0.017188 0.037500
