0 0.066797 0.578125 0.021094 0.043750
0 0.650391 0.300391 0.014844 0.032031
0 0.292187 0.232031 0.015625 0.034375
0 0.338672 0.212500 0.014844 0.031250
0 0.352734 0.333594 0.013281 0.028125
0 0.492188 0.465625 0.021875 0.046875
0 0.930469 0.530469 0.018750 0.040625
0 0.885156 0.883203 0.021875 0.044531
0 0.552734 0.296875 0.013281 0.028125
0 0.509375 0.087500 0.017188 0.037500
0 0.619922 0.671875 0.019531 0.042188
0 0.263281 0.750000 0.018750 0.040625
0 0.635156 0.128906 0.017188 0.037500
0 0.843750 0.437500 0.014063 0.031250
0 0.689063 0.983984 0.015625 0.032031
0 0.196484 0.697266 0.013281 0.028906
0 0.812500 0.484766 0.014063 0.028906
0 0.666797 0.828516 0.016406 0.035156
0 0.897656 0.059766 0.017188 0.036719
0 0.039453 0.747656 0.017969 0.039062
0 0.137891 0.450781 0.019531 0.042188
0 0.321875 0.479297 0.021875 0.044531
0 0.467578 0.737891 0.021094 0.046094
0 0.130469 0.282813 0.018750 0.039062
0 0.473047 0.303125 0.019531 0.042188
