0 0.825391 0.149219 0.021094 0.045312
0 0.401953 0.876172 0.016406 0.035156
0 0.345703 0.850000 0.019531 0.042188
0 0.113672 0.696094 0.019531 0.042188
0 0.973828 0.198437 0.017969 0.039062
0 0.202734 0.809375 0.013281 0.028125
0 0.524609 0.921484 0.016406 0.035156
0 0.505469 0.241016 0.020313 0.044531
0 0.961328 0.487891 0.013281 0.028906
0 0.168359 0.376563 0.019531 0.042188
0 0.088281 0.756641 0.015625 0.033594
0 0.667969 0.841016 0.020313 0.044531
0 0.552344 0.078125 0.018750 0.040625
0 0.875000 0.661719 0.012500 0.026562
0 0.237891 0.199609 0.016406 0.035156
0 0.545312 0.606641 0.014063 0.030469
0 0.614453 0.072656 0.017969 0.037500
0 0.028125 0.538281 0.015625 0.034375
0 0.085156 0.041797 0.012500 0.027344
0 0.763672 0.189062 0.013281 0.028125
0 0.560547 0.056250 0.017969 0.039062
0 0.433594 0.919531 0.012500 0.028125
0 0.151562 0.113672 0.014063 0.030469
0 0.740625 0.908594 0.012500 0.028125
