0 0.865234 0.634766 0.016406 0.035156
0 0.141797 0.631250 0.014844 0.031250
0 0.027734 0.796875 0.014844 0.031250
0 0.133203 0.801953 0.011719 0.025781
0 0.886719 0.018359 0.017188 0.036719
0 0.348047 0.373047 0.019531 0.041406
0 0.426172 0.842969 0.016406 0.034375
0 0.109766 0.700000 0.021094 0.045312
0 0.803906 0.583203 0.018750 0.039844
0 0.084766 0.692969 0.017969 0.039062
0 0.442578 0.203125 0.013281 0.029687
0 0.638672 0.463672 0.021094 0.046094
0 0.835547 0.678516 0.013281 0.028906
0 0.923828 0.369531 0.021094 0.045312
