0 0.522266 0.287109 0.016406 0.035156
0 0.453906 0.813672 0.015625 0.033594
0 0.107422 0.213672 0.013281 0.028906
0 0.621094 0.209375 0.017188 0.037500
0 0.778516 0.290625 0.013281 0.028125
0 0.536328 0.688672 0.021094 0.046094
0 0.548828 0.569531 0.021094 0.045312
0 0.797656 0.193750 0.021875 0.046875
0 0.626563 0.281250 0.015625 0.034375
0 0.924219 0.131250 0.021875 0.046875
0 0.151172 0.412109 0.021094 0.046094
0 0.648828 0.509766 0.019531 0.042969
0 0.124609 0.685937 0.019531 0.042188
0 0.820312 0.716016 0.017188 0.036719
0 0.366797 0.349219 0.017969 0.039062
0 0.158594 0.247656 0.020313 0.043750
0 0.023438 0.057422 0.017188 0.036719
0 0.207422 0.619531 0.016406 0.034375
0 0.040625 0.167969 0.017188 0.037500
0 0.687891 0.867969 0.021094 0.045312
0 0.209375 0.654297 0.015625 0.033594
0 0.296484 0.606641 0.014844 0.032031
0 0.989062 0.216797 0.020313 0.041406
0 0.424609 0.607422 0.013281 0.028906
