0 0.085547 0.160547 0.013281 0.028906
0 0.639844 0.130469 0.018750 0.040625
0 0.059766 0.502344 0.021094 0.045312
0 0.503516 0.266016 0.013281 0.028906
0 0.612891 0.325000 0.017969 0.039062
0 0.038672 0.794141 0.014844 0.030469
0 0.214453 0.736719 0.021094 0.045312
0 0.462500 0.548438 0.021875 0.046875
0 0.447656 0.714063 0.014063 0.031250
0 0.083203 0.910547 0.016406 0.035156
0 0.640234 0.741406 0.021094 0.045312
0 0.890625 0.851172 0.020313 0.044531
0 0.963672 0.587891 0.016406 0.035156
0 0.264844 0.615625 0.014063 0.029687
0 0.210547 0.752344 0.013281 0.029687
0 0.903125 0.681641 0.014063 0.028906
