0 0.075962 0.143346 0.004433 0.013679
0 0.919101 0.138643 0.005037 0.015104
0 0.996877 0.381020 0.004231 0.013109
0 0.812513 0.372186 0.005037 0.015389
0 0.621398 0.486463 0.004030 0.012539
0 0.614346 0.879310 0.004433 0.012824
0 0.953657 0.437304 0.004836 0.015104
0 0.683659 0.793673 0.004433 0.013679
0 0.309893 0.664292 0.004836 0.014819
0 0.264155 0.607581 0.004836 0.014819
0 0.649607 0.732972 0.003627 0.011399
0 0.178723 0.429040 0.004836 0.015104
0 0.971187 0.564406 0.004836 0.015104
0 0.885956 0.510829 0.004433 0.013964
0 0.844449 0.052009 0.004836 0.014534
