0 0.427344 0.178906 0.015625 0.034375
0 0.080469 0.130469 0.017188 0.037500
0 0.168359 0.514453 0.019531 0.039844
0 0.983984 0.582031 0.019531 0.042188
0 0.741406 0.097266 0.017188 0.035156
0 0.442969 0.301563 0.020313 0.043750
0 0.946484 0.150391 0.021094 0.046094
0 0.755859 0.512891 0.011719 0.025781
0 0.228906 0.201563 0.017188 0.035937
0 0.176563 0.427734 0.015625 0.033594
0 0.977734 0.818750 0.017969 0.039062
0 0.814063 0.627344 0.015625 0.034375
0 0.416406 0.539062 0.015625 0.032813
0 0.378125 0.655859 0.014063 0.030469
0 0.557031 0.476953 0.017188 0.036719
0 0.601953 0.181641 0.016406 0.035156
0 0.295703 0.761719 0.014844 0.032813
0 0.738281 0.507031 0.015625 0.034375
0 0.880469 0.559766 0.021875 0.046094
0 0.472266 0.580859 0.019531 0.041406
0 0.786328 0.708203 0.011719 0.025781
