0 0.278906 0.023047 0.014063 0.030469
0 0.023047 0.763281 0.016406 0.035937
0 0.535937 0.923438 0.020313 0.043750
0 0.214453 0.967969 0.017969 0.039062
0 0.909766 0.625391 0.021094 0.046094
0 0.668359 0.215625 0.021094 0.045312
0 0.158203 0.654297 0.019531 0.042969
0 0.009766 0.969531 0.017969 0.039062
0 0.487109 0.517578 0.021094 0.046094
0 0.691797 0.434766 0.017969 0.038281
0 0.148438 0.361328 0.017188 0.036719
0 0.722266 0.927734 0.013281 0.027344
0 0.510938 0.483203 0.020313 0.044531
0 0.650781 0.488672 0.017188 0.036719
0 0.441406 0.960938 0.020313 0.043750
0 0.177344 0.437500 0.015625 0.032813
