0 0.610938 0.812109 0.020313 0.042969
0 0.364453 0.147266 0.014844 0.032031
0 0.305469 0.678906 0.015625 0.034375
0 0.346875 0.873437 0.018750 0.040625
0 0.544922 0.512891 0.013281 0.028906
0 0.627734 0.327734 0.013281 0.028906
0 0.387891 0.242188 0.013281 0.029687
0 0.279297 0.019531 0.017969 0.039062
0 0.267188 0.555859 0.021875 0.044531
0 0.598047 0.034375 0.019531 0.042188
0 0.595703 0.266406 0.014844 0.031250
0 0.833984 0.357031 0.017969 0.039062
0 0.896094 0.539844 0.021875 0.046875
0 0.101953 0.312891 0.019531 0.041406
0 0.466797 0.548828 0.014844 0.030469
0 0.357812 0.235937 0.017188 0.037500
0 0.117578 0.215234 0.016406 0.035156
