0 0.934375 0.187500 0.015625 0.032813
0 0.679688 0.110547 0.015625 0.033594
0 0.116016 0.058984 0.019531 0.042969
0 0.265625 0.845313 0.015625 0.034375
0 0.828125 0.830469 0.018750 0.039062
0 0.973828 0.094141 0.016406 0.033594
0 0.477344 0.776172 0.018750 0.039844
0 0.074219 0.541016 0.014063 0.030469
0 0.164844 0.045703 0.014063 0.030469
0 0.595313 0.389453 0.020313 0.041406
0 0.945312 0.098047 0.020313 0.044531
0 0.303516 0.224219 0.016406 0.035937
0 0.378906 0.693750 0.017188 0.037500
0 0.112891 0.659375 0.017969 0.039062
0 0.061328 0.665625 0.014844 0.031250
0 0.227734 0.512500 0.016406 0.035937
0 0.758203 0.221484 0.016406 0.035156
0 0.056641 0.260156 0.022656 0.046875
0 0.692187 0.305859 0.012500 0.025781
0 0.685156 0.953125 0.018750 0.040625
0 0.580078 0.325391 0.017969 0.038281
0 0.356250 0.428516 0.014063 0.030469
0 0.874219 0.087109 0.014063 0.028906
0 0.457813 0.294922 0.015625 0.033594
0 0.078906 0.925000 0.014063 0.029687
0 0.565625 0.926562 0.012500 0.026562
0 0.617969 0.682031 0.015625 0.034375
0 0.079687 0.198437 0.020313 0.043750
0 0.348828 0.604688 0.014844 0.032813
0 0.986328 0.117188 0.014844 0.031250
