0 0.429688 0.619922 0.018750 0.039844
0 0.099219 0.638281 0.018750 0.040625
0 0.136719 0.726172 0.017188 0.036719
0 0.927734 0.325000 0.013281 0.028125
0 0.082812 0.040234 0.017188 0.036719
0 0.882812 0.513672 0.020313 0.044531
0 0.830078 0.809375 0.017969 0.039062
0 0.014453 0.398828 0.017969 0.039844
0 0.536719 0.378516 0.015625 0.032031
0 0.235156 0.403906 0.012500 0.025000
0 0.989453 0.787500 0.013281 0.029687
0 0.277734 0.088672 0.011719 0.025781
0 0.570703 0.129297 0.021094 0.042969
0 0.908203 0.601953 0.021094 0.044531
0 0.432812 0.530859 0.020313 0.041406
0 0.230078 0.472266 0.011719 0.025781
0 0.263281 0.892969 0.017188 0.037500
0 0.089453 0.429297 0.017969 0.038281
0 0.440625 0.124219 0.021875 0.046875
0 0.500781 0.201563 0.017188 0.037500
0 0.126953 0.494922 0.014844 0.032031
0 0.358984 0.529297 0.021094 0.046094
0 0.984375 0.731250 0.018750 0.040625
0 0.289844 0.258203 0.015625 0.033594
0 0.835938 0.976562 0.021875 0.046875
0 0.466016 0.043750 0.019531 0.042188
0 0.842187 0.100000 0.014063 0.031250
