0 0.526172 0.657813 0.021094 0.045312
0 0.296484 0.319531 0.021094 0.043750
0 0.763281 0.145703 0.021875 0.047656
0 0.791797 0.367578 0.011719 0.025781
0 0.028516 0.733984 0.013281 0.027344
0 0.558984 0.451562 0.017969 0.039062
0 0.473047 0.094531 0.021094 0.045312
0 0.812109 0.504297 0.014844 0.032031
0 0.519922 0.881641 0.017969 0.039844
0 0.126562 0.655469 0.021875 0.045312
0 0.825781 0.628125 0.012500 0.028125
0 0.873437 0.919531 0.018750 0.040625
0 0.543359 0.197266 0.019531 0.042969
0 0.062891 0.350781 0.019531 0.042188
0 0.048828 0.588672 0.022656 0.046094
0 0.387891 0.953125 0.019531 0.042188
0 0.254688 0.866406 0.017188 0.037500
0 0.726562 0.178516 0.020313 0.044531
0 0.511719 0.028906 0.018750 0.040625
