0 0.973047 0.913281 0.013281 0.028125
0 0.111328 0.695312 0.014844 0.032813
0 0.774609 0.680469 0.021094 0.043750
0 0.366797 0.785937 0.016406 0.035937
0 0.841016 0.223828 0.017969 0.038281
0 0.442578 0.658984 0.016406 0.035156
0 0.133594 0.830469 0.017188 0.037500
0 0.545703 0.638672 0.014844 0.032031
0 0.523828 0.317578 0.011719 0.025781
0 0.296875 0.253906 0.014063 0.031250
0 0.967187 0.336719 0.014063 0.029687
0 0.685547 0.978516 0.019531 0.039844
0 0.050781 0.549609 0.015625 0.032031
0 0.101562 0.504297 0.020313 0.042969
0 0.975000 0.925781 0.021875 0.046875
0 0.907422 0.726562 0.017969 0.039062
0 0.529687 0.948438 0.012500 0.026562
0 0.261328 0.779297 0.013281 0.027344
0 0.180078 0.838281 0.013281 0.029687
0 0.361328 0.459766 0.011719 0.025781
0 0.126172 0.615234 0.016406 0.035156
0 0.458594 0.556250 0.017188 0.035937
0 0.379688 0.435547 0.018750 0.039844
