0 0.456250 0.478125 0.015625 0.034375
0 0.913281 0.036328 0.012500 0.025781
0 0.508203 0.616797 0.017969 0.036719
0 0.955469 0.132031 0.020313 0.042188
0 0.233594 0.924609 0.017188 0.036719
0 0.334375 0.119531 0.020313 0.043750
0 0.696484 0.208203 0.017969 0.038281
0 0.679297 0.398828 0.021094 0.046094
0 0.939453 0.718359 0.019531 0.042969
0 0.044531 0.148438 0.014063 0.031250
0 0.038281 0.285156 0.017188 0.037500
0 0.758203 0.590234 0.014844 0.032031
0 0.790625 0.128516 0.012500 0.027344
0 0.985156 0.799219 0.017188 0.037500
0 0.709766 0.196484 0.016406 0.035156
0 0.469141 0.367578 0.014844 0.030469
0 0.733594 0.617578 0.020313 0.042969
0 0.795312 0.255859 0.014063 0.030469
0 0.919922 0.748828 0.016406 0.035156
0 0.885547 0.507031 0.016406 0.035937
0 0.527344 0.916016 0.021875 0.047656
0 0.723437 0.477734 0.020313 0.044531
0 0.891406 0.873828 0.012500 0.027344
0 0.813672 0.361719 0.021094 0.045312
0 0.300781 0.955859 0.015625 0.033594
0 0.326172 0.974219 0.014844 0.031250
0 0.909766 0.564844 0.019531 0.042188
0 0.468750 0.647656 0.014063 0.029687
