0 0.974609 0.448047 0.013281 0.028906
0 0.382812 0.147656 0.014063 0.031250
0 0.193750 0.034375 0.015625 0.034375
0 0.553125 0.698438 0.014063 0.031250
0 0.117969 0.232031 0.018750 0.040625
0 0.796094 0.753906 0.021875 0.046875
0 0.908203 0.510547 0.013281 0.028906
0 0.841406 0.044531 0.021875 0.046875
0 0.652344 0.137109 0.017188 0.038281
0 0.521875 0.287500 0.021875 0.046875
0 0.776953 0.506641 0.014844 0.032031
0 0.889844 0.058203 0.018750 0.039844
0 0.922656 0.735938 0.020313 0.043750
0 0.948828 0.670312 0.014844 0.031250
0 0.608984 0.522656 0.019531 0.042188
0 0.422656 0.695312 0.014063 0.031250
0 0.484766 0.851953 0.017969 0.039844
0 0.870313 0.207422 0.015625 0.033594
0 0.739453 0.936328 0.016406 0.033594
0 0.103906 0.070703 0.012500 0.027344
0 0.775000 0.149219 0.015625 0.032813
0 0.647656 0.113281 0.014063 0.029687
0 0.496094 0.808984 0.017188 0.036719
0 0.296484 0.555078 0.017969 0.038281
0 0.358203 0.710156 0.019531 0.040625
0 0.049219 0.752344 0.020313 0.043750
0 0.141016 0.586719 0.013281 0.028125
0 0.055469 0.739062 0.018750 0.040625
