0 0.089844 0.226953 0.012500 0.027344
0 0.300781 0.684766 0.014063 0.030469
0 0.121094 0.610547 0.021875 0.044531
0 0.413281 0.474219 0.021875 0.046875
0 0.314063 0.946875 0.014063 0.031250
0 0.083984 0.112500 0.019531 0.042188
0 0.060547 0.795312 0.016406 0.034375
0 0.796484 0.398047 0.017969 0.038281
0 0.553125 0.078125 0.015625 0.032813
0 0.518750 0.867969 0.021875 0.045312
0 0.473047 0.892578 0.016406 0.035156
0 0.453125 0.032031 0.012500 0.026562
0 0.673828 0.937109 0.013281 0.028906
0 0.029297 0.631641 0.016406 0.033594
0 0.030469 0.369531 0.015625 0.034375
0 0.892969 0.161328 0.018750 0.039844
0 0.684766 0.960938 0.016406 0.035937
0 0.146875 0.292187 0.014063 0.031250
0 0.345313 0.216797 0.012500 0.027344
0 0.035547 0.396094 0.019531 0.042188
