0 0.459473 0.282999 0.008789 0.026952
0 0.054688 0.331375 0.010742 0.032481
0 0.750732 0.421562 0.009277 0.029026
0 0.231445 0.299240 0.010742 0.033172
0 0.628906 0.148583 0.008789 0.026261
0 0.030762 0.483068 0.012695 0.037319
0 0.718750 0.355909 0.012695 0.038701
0 0.516846 0.195232 0.012207 0.036628
0 0.389648 0.143055 0.009766 0.029026
0 0.809082 0.302695 0.008789 0.026261
0 0.459229 0.649620 0.010254 0.030408
0 0.220459 0.822046 0.011230 0.033863
0 0.551758 0.374223 0.011719 0.035245
0 0.300781 0.978922 0.008789 0.026952
0 0.801758 0.936420 0.011719 0.034554
