0 0.723454 0.783129 0.003828 0.011969
0 0.430083 0.027501 0.005037 0.015674
0 0.958493 0.717726 0.003627 0.011114
0 0.592484 0.838273 0.004634 0.013964
0 0.597320 0.058706 0.005037 0.015389
0 0.053798 0.478056 0.004030 0.012254
0 0.948922 0.373611 0.005037 0.015389
0 0.869938 0.331718 0.003425 0.010829
0 0.373464 0.719578 0.005037 0.015389
0 0.848680 0.463237 0.004836 0.014534
0 0.550977 0.119835 0.004634 0.014534
0 0.737457 0.908236 0.004433 0.013679
0 0.994862 0.233115 0.003828 0.011399
0 0.639734 0.559276 0.004433 0.013394
0 0.362785 0.942434 0.004231 0.013109
