0 0.641016 0.886328 0.019531 0.042969
0 0.701562 0.265625 0.012500 0.026562
0 0.426172 0.853906 0.019531 0.042188
0 0.551953 0.266016 0.021094 0.046094
0 0.940234 0.921094 0.014844 0.032813
0 0.627344 0.784375 0.012500 0.026562
0 0.955859 0.496875 0.016406 0.035937
0 0.196094 0.034766 0.012500 0.027344
0 0.092578 0.414844 0.013281 0.028125
0 0.474219 0.421484 0.015625 0.033594
0 0.629297 0.783203 0.014844 0.030469
0 0.859375 0.879297 0.014063 0.030469
0 0.863281 0.671875 0.017188 0.035937
0 0.894141 0.660547 0.013281 0.028906
0 0.646875 0.103516 0.015625 0.033594
0 0.010937 0.852344 0.018750 0.040625
0 0.531250 0.329688 0.017188 0.037500
0 0.137500 0.630469 0.014063 0.029687
0 0.398438 0.064062 0.015625 0.032813
0 0.540234 0.247656 0.019531 0.042188
0 0.010937 0.675000 0.012500 0.028125
0 0.449609 0.364844 0.013281 0.029687
0 0.945703 0.026562 0.014844 0.032813
0 0.573047 0.537891 0.019531 0.042969
0 0.164062 0.698828 0.015625 0.033594
