0 0.448217 0.333713 0.005037 0.015389
0 0.457888 0.332573 0.003425 0.010829
0 0.467056 0.334283 0.004030 0.011969
0 0.476728 0.332716 0.004433 0.013964
0 0.487004 0.333001 0.005239 0.015674
0 0.497381 0.333001 0.004634 0.013394
0 0.507556 0.332431 0.004836 0.015104
0 0.517328 0.333286 0.003828 0.011114
0 0.527101 0.332431 0.004836 0.014534
0 0.537377 0.332003 0.004836 0.014819
0 0.547854 0.334141 0.005239 0.015104
0 0.589664 0.665859 0.004634 0.013964
0 0.600846 0.666857 0.003627 0.011399
0 0.611525 0.666144 0.003627 0.011114
0 0.756095 0.666714 0.005037 0.015104
0 0.767983 0.665004 0.004634 0.013964
