0 0.837109 0.280078 0.021094 0.046094
0 0.676953 0.826953 0.021094 0.044531
0 0.355469 0.168359 0.014063 0.030469
0 0.512500 0.486328 0.020313 0.044531
0 0.605859 0.865625 0.017969 0.039062
0 0.646875 0.350391 0.018750 0.041406
0 0.915234 0.829297 0.021094 0.046094
0 0.835156 0.200781 0.014063 0.029687
0 0.180469 0.663672 0.014063 0.030469
0 0.237500 0.038281 0.021875 0.046875
0 0.297266 0.171484 0.016406 0.033594
0 0.739062 0.858984 0.017188 0.035156
0 0.826172 0.694531 0.021094 0.045312
0 0.772266 0.480469 0.017969 0.037500
0 0.633203 0.270703 0.019531 0.041406
0 0.336328 0.841016 0.019531 0.042969
0 0.195703 0.541797 0.011719 0.025781
0 0.364063 0.112500 0.015625 0.034375
0 0.703516 0.913281 0.014844 0.032813
0 0.403906 0.895703 0.020313 0.044531
0 0.894141 0.712109 0.019531 0.041406
0 0.667188 0.344531 0.012500 0.028125
0 0.495312 0.044922 0.020313 0.041406
