0 0.919141 0.784766 0.021094 0.046094
0 0.944922 0.240625 0.017969 0.039062
0 0.928906 0.761719 0.017188 0.037500
0 0.329688 0.783203 0.014063 0.030469
0 0.439453 0.381641 0.021094 0.046094
0 0.799609 0.676172 0.016406 0.035156
0 0.791406 0.669531 0.017188 0.037500
0 0.910156 0.834766 0.017188 0.036719
0 0.195312 0.528906 0.017188 0.035937
0 0.202344 0.741797 0.014063 0.028906
0 0.598047 0.525781 0.019531 0.040625
0 0.224609 0.358203 0.014844 0.032031
0 0.677734 0.899219 0.017969 0.037500
0 0.651172 0.216406 0.021094 0.045312
0 0.842578 0.513672 0.017969 0.038281
0 0.121875 0.148047 0.018750 0.041406
0 0.107031 0.407422 0.015625 0.033594
0 0.410547 0.791797 0.019531 0.041406
0 0.682422 0.497656 0.014844 0.032813
0 0.261719 0.586719 0.021875 0.046875
0 0.529297 0.748828 0.014844 0.032031
0 0.406641 0.926172 0.016406 0.035156
0 0.091797 0.187500 0.022656 0.046875
0 0.374219 0.290625 0.017188 0.037500
0 0.880469 0.656250 0.017188 0.037500
0 0.426563 0.721094 0.021875 0.046875
0 0.610547 0.972266 0.021094 0.046094
0 0.816797 0.452344 0.021094 0.045312
0 0.176172 0.085156 0.021094 0.045312
0 0.558594 0.617969 0.014063 0.031250
