0 0.246094 0.662109 0.018750 0.041406
0 0.672656 0.179297 0.017188 0.036719
0 0.486328 0.160547 0.011719 0.025781
0 0.158594 0.543359 0.020313 0.044531
0 0.662500 0.360938 0.012500 0.026562
0 0.775391 0.241406 0.016406 0.035937
0 0.285547 0.140625 0.013281 0.028125
0 0.972656 0.622266 0.021875 0.044531
0 0.823438 0.742969 0.015625 0.034375
0 0.448437 0.447656 0.015625 0.032813
0 0.352344 0.609766 0.020313 0.042969
0 0.491016 0.264062 0.013281 0.028125
0 0.229687 0.556641 0.012500 0.027344
0 0.370703 0.954688 0.017969 0.039062
0 0.560547 0.666797 0.011719 0.025781
0 0.848047 0.020703 0.016406 0.035156
0 0.340234 0.224219 0.016406 0.034375
0 0.385937 0.264453 0.021875 0.046094
0 0.660937 0.471094 0.018750 0.040625
0 0.375781 0.451172 0.017188 0.036719
0 0.162109 0.656250 0.022656 0.046875
0 0.012109 0.864453 0.016406 0.035156
0 0.275781 0.178516 0.018750 0.039844
0 0.975781 0.787891 0.015625 0.033594
0 0.897656 0.220312 0.014063 0.031250
