0 0.477734 0.733594 0.014844 0.032813
0 0.417187 0.467969 0.015625 0.034375
0 0.873437 0.839453 0.014063 0.028906
0 0.951172 0.930078 0.011719 0.025781
0 0.612500 0.413281 0.018750 0.039062
0 0.519141 0.391406 0.011719 0.026562
0 0.605859 0.158984 0.021094 0.044531
0 0.413281 0.441406 0.020313 0.042188
0 0.448437 0.774219 0.014063 0.031250
0 0.350000 0.206250 0.020313 0.042188
0 0.828906 0.531641 0.020313 0.044531
0 0.654687 0.689063 0.012500 0.026562
0 0.711719 0.764453 0.014063 0.030469
0 0.021094 0.207422 0.017188 0.036719
0 0.134375 0.118359 0.020313 0.041406
0 0.011719 0.488281 0.014063 0.029687
0 0.776172 0.642969 0.016406 0.035937
0 0.611328 0.377344 0.013281 0.029687
0 0.348047 0.933984 0.019531 0.041406
0 0.316406 0.860938 0.020313 0.043750
0 0.115625 0.743359 0.020313 0.044531
0 0.517188 0.296484 0.014063 0.030469
0 0.630469 0.564453 0.017188 0.036719
0 0.169141 0.969141 0.014844 0.032031
0 0.369141 0.387500 0.021094 0.045312
0 0.870703 0.736328 0.013281 0.028906
0 0.865234 0.396875 0.022656 0.046875
0 0.807422 0.644141 0.014844 0.032031
0 0.761719 0.473047 0.020313 0.041406
