0 0.982812 0.107422 0.012500 0.027344
0 0.344531 0.368750 0.014063 0.029687
0 0.881250 0.373437 0.015625 0.032813
0 0.155859 0.273828 0.014844 0.032031
0 0.141016 0.331250 0.021094 0.045312
0 0.573047 0.923438 0.019531 0.042188
0 0.381250 0.930469 0.014063 0.029687
0 0.192969 0.959766 0.017188 0.035156
0 0.563672 0.949219 0.021094 0.045312
0 0.092188 0.119531 0.020313 0.043750
0 0.970313 0.670703 0.020313 0.042969
0 0.028906 0.074609 0.015625 0.033594
0 0.452734 0.103906 0.016406 0.035937
0 0.315234 0.653906 0.016406 0.034375
0 0.554688 0.102344 0.018750 0.039062
0 0.562891 0.410938 0.013281 0.028125
0 0.350391 0.707031 0.022656 0.046875
0 0.610156 0.725000 0.012500 0.026562
