0 0.292187 0.895703 0.015625 0.033594
0 0.970313 0.941016 0.021875 0.044531
0 0.654687 0.337109 0.020313 0.042969
0 0.334766 0.176563 0.017969 0.039062
0 0.642969 0.288281 0.012500 0.028125
0 0.902344 0.690625 0.017188 0.037500
0 0.019531 0.181250 0.017188 0.037500
0 0.360156 0.067187 0.018750 0.040625
0 0.207422 0.205078 0.019531 0.041406
0 0.386328 0.317969 0.014844 0.031250
0 0.376953 0.562500 0.017969 0.039062
0 0.760938 0.475000 0.012500 0.026562
0 0.078906 0.648438 0.020313 0.043750
0 0.698828 0.369922 0.011719 0.025781
0 0.490625 0.216797 0.020313 0.044531
0 0.871875 0.094922 0.015625 0.033594
0 0.350781 0.587500 0.020313 0.043750
0 0.239063 0.686328 0.014063 0.030469
0 0.564844 0.573828 0.020313 0.041406
