0 0.416016 0.125000 0.014844 0.031250
0 0.149609 0.557031 0.019531 0.040625
0 0.681641 0.669922 0.011719 0.025781
0 0.491406 0.432812 0.012500 0.026562
0 0.336719 0.897656 0.021875 0.046875
0 0.867578 0.944922 0.017969 0.038281
0 0.119922 0.451172 0.019531 0.041406
0 0.981250 0.097266 0.014063 0.028906
0 0.855078 0.422656 0.021094 0.045312
0 0.227734 0.235156 0.021094 0.045312
0 0.276953 0.423438 0.013281 0.028125
0 0.761719 0.554688 0.021875 0.046875
0 0.705859 0.619141 0.016406 0.033594
0 0.944141 0.485938 0.019531 0.042188
0 0.823047 0.689063 0.017969 0.039062
0 0.691016 0.199609 0.014844 0.032031
0 0.461719 0.247656 0.020313 0.043750
