0 0.516016 0.721875 0.014844 0.032813
0 0.682422 0.777734 0.017969 0.038281
0 0.582031 0.192969 0.018750 0.040625
0 0.684375 0.795312 0.021875 0.046875
0 0.535937 0.766016 0.015625 0.033594
0 0.833203 0.358203 0.019531 0.041406
0 0.619922 0.708203 0.011719 0.025781
0 0.146875 0.432812 0.017188 0.037500
0 0.048828 0.298438 0.014844 0.032813
0 0.140625 0.654687 0.017188 0.035937
0 0.530078 0.354297 0.019531 0.039844
0 0.602734 0.056641 0.014844 0.032031
0 0.386328 0.976172 0.014844 0.030469
0 0.365234 0.591406 0.021094 0.045312
0 0.955078 0.069922 0.017969 0.038281
0 0.087109 0.736328 0.014844 0.030469
0 0.646484 0.047266 0.019531 0.041406
0 0.505469 0.661719 0.021875 0.046875
0 0.346094 0.789062 0.021875 0.046875
0 0.414453 0.443359 0.019531 0.041406
0 0.870703 0.844141 0.019531 0.041406
0 0.919531 0.423438 0.012500 0.026562
0 0.639062 0.861328 0.018750 0.039844
0 0.211328 0.162891 0.011719 0.025781
0 0.843359 0.735938 0.017969 0.039062
0 0.548828 0.210547 0.019531 0.042969
