0 0.557861 0.534900 0.012207 0.037319
0 0.059570 0.078438 0.009766 0.029717
0 0.416260 0.675881 0.011230 0.034554
0 0.546387 0.074983 0.009766 0.029717
0 0.729736 0.971666 0.012207 0.037319
0 0.435547 0.847616 0.010742 0.032481
0 0.060547 0.340359 0.009766 0.029717
0 0.347168 0.863165 0.011719 0.035936
0 0.959961 0.952661 0.010742 0.032481
0 0.085449 0.763303 0.011719 0.036628
0 0.911865 0.446786 0.009277 0.028334
0 0.676270 0.540428 0.008789 0.027643
0 0.919434 0.828956 0.008789 0.026952
0 0.022705 0.466137 0.010254 0.031099
