0 0.238037 0.635107 0.012207 0.037319
0 0.351807 0.802350 0.011230 0.034554
0 0.385254 0.334140 0.011719 0.033863
0 0.909668 0.680373 0.012695 0.038010
0 0.757080 0.169316 0.009277 0.027643
0 0.733398 0.560815 0.010742 0.032481
0 0.613770 0.269523 0.012695 0.037319
0 0.533447 0.447823 0.012207 0.037319
0 0.444824 0.775397 0.008789 0.026261
0 0.084717 0.827229 0.010254 0.031790
0 0.545166 0.619903 0.012207 0.037319
0 0.207764 0.831721 0.011230 0.035245
0 0.113525 0.104008 0.010254 0.031099
0 0.932129 0.529717 0.010742 0.032481
