0 0.118678 0.015247 0.003627 0.010544
0 0.576264 0.881163 0.004836 0.014819
0 0.189805 0.933172 0.004030 0.012254
0 0.881020 0.611998 0.004231 0.012824
0 0.885956 0.479054 0.003627 0.011399
0 0.254382 0.741949 0.004231 0.012824
0 0.073343 0.522656 0.004836 0.014249
0 0.919907 0.054716 0.004634 0.014249
0 0.957183 0.600313 0.004634 0.013964
0 0.173786 0.059846 0.004231 0.012539
0 0.339311 0.161584 0.004433 0.013679
0 0.586339 0.459105 0.003627 0.010829
0 0.095708 0.857082 0.004433 0.013394
0 0.517127 0.378170 0.003828 0.011399
