0 0.336670 0.388044 0.012207 0.038010
0 0.715576 0.783690 0.011230 0.034554
0 0.561279 0.299931 0.012207 0.037319
0 0.658936 0.495162 0.010254 0.031099
0 0.437500 0.723566 0.009766 0.030408
0 0.551025 0.130615 0.009277 0.029026
0 0.199463 0.427782 0.010254 0.031790
0 0.370361 0.137526 0.012207 0.037319
0 0.485107 0.784036 0.012207 0.036628
0 0.005615 0.980650 0.008301 0.026261
0 0.067871 0.767795 0.008789 0.027643
0 0.392578 0.051140 0.012695 0.038701
0 0.780029 0.882170 0.010254 0.029717
0 0.731934 0.969247 0.010742 0.032481
0 0.918457 0.614375 0.009766 0.030408
