0 0.069531 0.274609 0.014063 0.030469
0 0.257812 0.509375 0.012500 0.026562
0 0.593750 0.554688 0.015625 0.032813
0 0.382812 0.209375 0.015625 0.034375
0 0.071875 0.152344 0.020313 0.042188
0 0.331641 0.626172 0.021094 0.044531
0 0.673438 0.515625 0.015625 0.032813
0 0.585938 0.770703 0.018750 0.039844
0 0.240234 0.288281 0.013281 0.028125
0 0.774219 0.266016 0.018750 0.038281
0 0.214453 0.044922 0.011719 0.025781
0 0.417969 0.569141 0.017188 0.038281
0 0.460938 0.364063 0.020313 0.042188
0 0.958594 0.018750 0.012500 0.028125
0 0.795703 0.503125 0.013281 0.029687
0 0.907813 0.229687 0.018750 0.040625
0 0.159375 0.585156 0.021875 0.045312
0 0.706641 0.157812 0.013281 0.028125
0 0.133203 0.452734 0.013281 0.028906
0 0.289453 0.634375 0.014844 0.031250
0 0.428516 0.283984 0.011719 0.025781
