0 0.369922 0.780859 0.016406 0.033594
0 0.602734 0.160156 0.021094 0.045312
0 0.908594 0.849219 0.014063 0.029687
0 0.869531 0.574219 0.015625 0.032813
0 0.854297 0.500391 0.019531 0.042969
0 0.257422 0.417187 0.014844 0.032813
0 0.871484 0.207813 0.021094 0.045312
0 0.927734 0.144922 0.013281 0.028906
0 0.118359 0.146484 0.019531 0.042969
0 0.483203 0.236328 0.021094 0.042969
0 0.566406 0.259375 0.018750 0.040625
0 0.931641 0.131250 0.016406 0.035937
0 0.958203 0.691406 0.021094 0.045312
0 0.900781 0.532813 0.020313 0.042188
0 0.780078 0.450781 0.017969 0.039062
0 0.530078 0.421094 0.011719 0.026562
0 0.191797 0.670312 0.011719 0.026562
0 0.772266 0.698438 0.017969 0.039062
0 0.173828 0.927734 0.021094 0.046094
0 0.857812 0.208594 0.015625 0.034375
