0 0.630667 0.515104 0.004030 0.012254
0 0.952851 0.968225 0.005239 0.015674
0 0.182551 0.073383 0.004836 0.014534
0 0.520754 0.016529 0.005037 0.015389
0 0.632077 0.903249 0.003627 0.011114
0 0.655249 0.196637 0.003627 0.011399
0 0.571328 0.964662 0.004634 0.014249
0 0.746625 0.172414 0.004231 0.012539
0 0.219222 0.483044 0.004030 0.011969
0 0.735140 0.882018 0.004634 0.014249
0 0.465041 0.904246 0.004836 0.014819
0 0.349486 0.213451 0.003828 0.011969
0 0.900463 0.539897 0.004836 0.015104
0 0.825106 0.199345 0.003627 0.011114
