0 0.172174 0.928470 0.003425 0.010829
0 0.092988 0.280849 0.003425 0.010544
0 0.513198 0.122970 0.004030 0.012254
0 0.177111 0.715019 0.004433 0.013679
0 0.943280 0.724565 0.005037 0.015674
0 0.666029 0.074523 0.004231 0.012824
0 0.957082 0.516386 0.004030 0.012539
0 0.240480 0.045170 0.003425 0.010544
0 0.970985 0.447706 0.004433 0.013679
0 0.905098 0.211029 0.004433 0.012824
0 0.588858 0.513109 0.004231 0.012824
0 0.232218 0.568823 0.004231 0.012539
0 0.399254 0.146195 0.003425 0.010829
0 0.548559 0.464092 0.004634 0.013964
0 0.116361 0.122827 0.004634 0.014249
