0 0.575781 0.153906 0.015625 0.032813
0 0.238281 0.816406 0.015625 0.034375
0 0.286719 0.473047 0.014063 0.030469
0 0.790625 0.183594 0.020313 0.043750
0 0.642578 0.119141 0.014844 0.032031
0 0.623047 0.283594 0.016406 0.034375
0 0.106250 0.530078 0.014063 0.030469
0 0.853516 0.062500 0.016406 0.035937
0 0.478516 0.889062 0.021094 0.045312
0 0.881250 0.599219 0.012500 0.026562
0 0.605078 0.925781 0.017969 0.037500
0 0.692578 0.443750 0.016406 0.035937
0 0.446094 0.093750 0.017188 0.037500
0 0.856641 0.456250 0.014844 0.032813
0 0.815625 0.530859 0.015625 0.033594
0 0.103906 0.175391 0.015625 0.033594
0 0.755078 0.022656 0.021094 0.045312
