0 0.109813 0.323596 0.005239 0.015674
0 0.329639 0.164719 0.004030 0.011969
0 0.417892 0.450841 0.003627 0.010829
0 0.501914 0.698062 0.004433 0.013394
0 0.305662 0.258763 0.004433 0.013679
0 0.987105 0.108293 0.004433 0.013679
0 0.344852 0.162012 0.003828 0.011684
0 0.088757 0.227700 0.004634 0.013679
0 0.562966 0.962525 0.004836 0.014534
0 0.564074 0.947848 0.005037 0.015389
0 0.458493 0.472927 0.005037 0.015674
0 0.764558 0.714734 0.003425 0.010829
0 0.992444 0.852095 0.004231 0.013109
0 0.812714 0.213166 0.005037 0.015389
0 0.454967 0.764035 0.004433 0.013679
