0 0.237109 0.237891 0.011719 0.025781
0 0.686719 0.176953 0.017188 0.036719
0 0.870703 0.230859 0.017969 0.039844
0 0.317188 0.039844 0.021875 0.046875
0 0.099609 0.846484 0.016406 0.035156
0 0.157031 0.901563 0.015625 0.032813
0 0.617188 0.513672 0.018750 0.039844
0 0.340625 0.336328 0.018750 0.038281
0 0.356641 0.314844 0.016406 0.035937
0 0.495703 0.154297 0.016406 0.035156
0 0.386719 0.451953 0.017188 0.038281
0 0.838672 0.500000 0.014844 0.031250
0 0.330078 0.079297 0.013281 0.028906
0 0.256641 0.775391 0.019531 0.039844
0 0.412500 0.874219 0.021875 0.046875
0 0.350781 0.894922 0.020313 0.041406
0 0.070703 0.481250 0.016406 0.034375
0 0.284766 0.332422 0.016406 0.035156
0 0.226172 0.977734 0.014844 0.032031
0 0.949219 0.486719 0.015625 0.032813
0 0.051172 0.703516 0.017969 0.036719
0 0.119531 0.828906 0.014063 0.031250
