0 0.590625 0.130859 0.020313 0.042969
0 0.266016 0.381641 0.011719 0.025781
0 0.320703 0.139453 0.019531 0.041406
0 0.242188 0.520703 0.020313 0.041406
0 0.189062 0.412891 0.014063 0.030469
0 0.444531 0.496094 0.021875 0.046875
0 0.605859 0.805859 0.011719 0.025781
0 0.709375 0.446484 0.014063 0.030469
0 0.406641 0.055078 0.011719 0.025781
0 0.632031 0.274219 0.021875 0.046875
0 0.042188 0.163281 0.018750 0.039062
0 0.478516 0.129688 0.021094 0.045312
0 0.907031 0.570312 0.017188 0.037500
0 0.065625 0.805859 0.017188 0.036719
0 0.689453 0.827734 0.011719 0.025781
0 0.853906 0.335938 0.015625 0.034375
0 0.280469 0.634766 0.012500 0.027344
0 0.863281 0.615234 0.017188 0.036719
0 0.360156 0.862500 0.017188 0.037500
0 0.016797 0.206250 0.013281 0.028125
0 0.332031 0.401172 0.015625 0.033594
0 0.542578 0.440625 0.019531 0.042188
0 0.461328 0.482031 0.021094 0.045312
0 0.789453 0.421484 0.021094 0.042969
0 0.379688 0.985547 0.012500 0.027344
0 0.276953 0.567969 0.019531 0.042188
0 0.130469 0.844922 0.021875 0.047656
0 0.779687 0.552344 0.015625 0.034375
0 0.659375 0.372656 0.012500 0.028125
