0 0.382568 0.381824 0.012207 0.038010
0 0.822266 0.922253 0.011719 0.035245
0 0.485840 0.898756 0.012695 0.038010
0 0.660400 0.495508 0.011230 0.034554
0 0.583008 0.340705 0.009766 0.030408
0 0.938721 0.347961 0.012207 0.038010
0 0.918457 0.896683 0.008789 0.026952
0 0.592773 0.596406 0.009766 0.030408
0 0.815430 0.842087 0.011719 0.033863
0 0.274902 0.909122 0.009766 0.029717
0 0.851807 0.841050 0.012207 0.037319
0 0.156006 0.271251 0.012207 0.035245
0 0.411377 0.424326 0.009277 0.029026
0 0.042480 0.887008 0.010742 0.032481
0 0.779297 0.698687 0.011719 0.035936
