0 0.376953 0.542578 0.021094 0.042969
0 0.391406 0.883203 0.012500 0.027344
0 0.058203 0.130469 0.019531 0.042188
0 0.146484 0.651172 0.021094 0.046094
0 0.035547 0.032422 0.016406 0.035156
0 0.351172 0.605859 0.019531 0.042969
0 0.405469 0.477344 0.014063 0.029687
0 0.103906 0.247266 0.018750 0.039844
0 0.485156 0.623437 0.012500 0.026562
0 0.019531 0.391406 0.012500 0.026562
0 0.210547 0.136719 0.019531 0.042188
0 0.258594 0.151172 0.012500 0.025781
0 0.244141 0.182031 0.021094 0.045312
0 0.976953 0.248828 0.011719 0.025781
0 0.719141 0.657422 0.014844 0.032031
0 0.272656 0.976562 0.015625 0.032813
0 0.342187 0.281250 0.015625 0.034375
0 0.620313 0.978906 0.014063 0.031250
0 0.891797 0.150781 0.021094 0.045312
0 0.129297 0.436719 0.014844 0.032813
0 0.819141 0.314063 0.014844 0.032813
0 0.910156 0.480078 0.015625 0.033594
0 0.594531 0.855469 0.020313 0.043750
0 0.755078 0.649609 0.016406 0.035156
0 0.626953 0.581250 0.017969 0.039062
0 0.925000 0.303125 0.020313 0.043750
0 0.656641 0.669922 0.017969 0.038281
0 0.126172 0.369922 0.017969 0.036719
