0 0.137500 0.853516 0.020313 0.044531
0 0.791797 0.943750 0.019531 0.042188
0 0.734766 0.296094 0.019531 0.042188
0 0.130078 0.076953 0.017969 0.038281
0 0.619922 0.218359 0.016406 0.035156
0 0.476172 0.628125 0.014844 0.031250
0 0.326562 0.471094 0.020313 0.043750
0 0.322266 0.769531 0.013281 0.028125
0 0.919531 0.641406 0.017188 0.037500
0 0.054297 0.834766 0.017969 0.039844
0 0.897656 0.048438 0.014063 0.029687
0 0.914062 0.167187 0.012500 0.026562
0 0.031641 0.282422 0.016406 0.035156
0 0.430859 0.191016 0.021094 0.046094
