0 0.665626 0.078655 0.005037 0.014819
0 0.128249 0.812340 0.004634 0.014534
0 0.330848 0.716443 0.004030 0.012539
0 0.798710 0.865061 0.004433 0.012824
0 0.367217 0.876033 0.003828 0.011399
0 0.564578 0.225848 0.004836 0.014534
0 0.332259 0.093189 0.004030 0.012539
0 0.285311 0.688088 0.005239 0.015674
0 0.263147 0.870618 0.004030 0.012539
0 0.168849 0.821317 0.004030 0.012539
0 0.478944 0.247649 0.004433 0.013109
0 0.225972 0.976774 0.003828 0.011684
0 0.762946 0.076660 0.005037 0.015389
0 0.439956 0.779852 0.005037 0.015674
0 0.612533 0.638216 0.003627 0.011114
