0 0.095703 0.768359 0.011719 0.025781
0 0.382031 0.262500 0.020313 0.042188
0 0.583594 0.603906 0.017188 0.037500
0 0.565625 0.165234 0.020313 0.044531
0 0.952344 0.033984 0.020313 0.044531
0 0.882031 0.519531 0.021875 0.046875
0 0.808984 0.365234 0.013281 0.028906
0 0.176953 0.902344 0.013281 0.028125
0 0.827344 0.931641 0.014063 0.028906
0 0.459375 0.784375 0.018750 0.040625
0 0.262109 0.641016 0.021094 0.046094
0 0.294141 0.283203 0.013281 0.028906
0 0.925391 0.605078 0.019531 0.042969
0 0.135547 0.126172 0.017969 0.038281
0 0.363281 0.251563 0.018750 0.039062
0 0.533594 0.134375 0.020313 0.043750
0 0.740234 0.878906 0.017969 0.039062
0 0.630078 0.849219 0.019531 0.042188
0 0.173437 0.050000 0.012500 0.026562
