0 0.030859 0.566406 0.014844 0.031250
0 0.610547 0.569141 0.013281 0.028906
0 0.363672 0.468359 0.017969 0.038281
0 0.223047 0.398828 0.019531 0.042969
0 0.595703 0.826953 0.017969 0.038281
0 0.080469 0.769141 0.015625 0.033594
0 0.340234 0.355078 0.014844 0.030469
0 0.950781 0.360156 0.020313 0.042188
0 0.242969 0.526172 0.012500 0.027344
0 0.484766 0.823828 0.021094 0.046094
0 0.783984 0.268359 0.011719 0.025781
0 0.526953 0.278516 0.014844 0.030469
0 0.020703 0.794141 0.013281 0.028906
0 0.319531 0.330078 0.018750 0.041406
0 0.638281 0.426953 0.017188 0.036719
0 0.932031 0.508594 0.014063 0.031250
0 0.389062 0.265625 0.014063 0.031250
0 0.873047 0.125391 0.017969 0.038281
0 0.513672 0.613672 0.021094 0.046094
0 0.273438 0.805859 0.020313 0.042969
0 0.607422 0.267188 0.021094 0.045312
0 0.340234 0.524609 0.017969 0.038281
0 0.637891 0.147656 0.017969 0.039062
0 0.847266 0.419922 0.014844 0.032031
0 0.850391 0.842578 0.016406 0.035156
0 0.959375 0.673828 0.018750 0.039844
0 0.596094 0.308594 0.015625 0.034375
