0 0.708203 0.764453 0.013281 0.028906
0 0.216797 0.738672 0.017969 0.038281
0 0.630078 0.884375 0.013281 0.029687
0 0.150391 0.420312 0.013281 0.029687
0 0.714453 0.648047 0.017969 0.038281
0 0.360938 0.558594 0.014063 0.031250
0 0.620703 0.177734 0.013281 0.027344
0 0.481250 0.348438 0.014063 0.029687
0 0.701953 0.644141 0.019531 0.039844
0 0.857031 0.880078 0.014063 0.030469
0 0.507031 0.105078 0.020313 0.042969
0 0.665234 0.766016 0.017969 0.036719
0 0.924609 0.601172 0.011719 0.025781
0 0.285156 0.065234 0.021875 0.044531
0 0.237891 0.392969 0.013281 0.028125
