0 0.488672 0.651953 0.013281 0.028906
0 0.846484 0.509375 0.013281 0.029687
0 0.805469 0.173828 0.014063 0.030469
0 0.386328 0.098437 0.019531 0.042188
0 0.448828 0.620313 0.019531 0.042188
0 0.422656 0.414062 0.014063 0.031250
0 0.054297 0.163672 0.013281 0.028906
0 0.500781 0.400000 0.018750 0.040625
0 0.431641 0.685547 0.017969 0.038281
0 0.073438 0.675781 0.015625 0.034375
0 0.742188 0.286328 0.015625 0.032031
0 0.362891 0.437109 0.019531 0.039844
0 0.199219 0.907813 0.021875 0.046875
0 0.113672 0.399609 0.014844 0.032031
0 0.307031 0.032031 0.018750 0.040625
0 0.190234 0.637500 0.013281 0.028125
0 0.870313 0.066406 0.014063 0.029687
0 0.431641 0.336328 0.016406 0.035156
0 0.150781 0.544531 0.012500 0.026562
0 0.880469 0.532422 0.020313 0.044531
