0 0.375244 0.126814 0.011230 0.032481
0 0.352051 0.908086 0.012695 0.038701
0 0.620361 0.524879 0.010254 0.031099
0 0.755127 0.617484 0.011230 0.033863
0 0.184326 0.826538 0.010254 0.031790
0 0.840820 0.797858 0.008789 0.026952
0 0.272461 0.069109 0.008789 0.027643
0 0.612061 0.219419 0.012207 0.036628
0 0.005371 0.936075 0.010742 0.032481
0 0.675293 0.262267 0.009766 0.029717
0 0.832031 0.580857 0.011719 0.035245
0 0.607422 0.691431 0.011719 0.033863
0 0.017578 0.151348 0.010742 0.033172
0 0.509033 0.771942 0.012207 0.037319
