0 0.363281 0.101562 0.012500 0.026562
0 0.229687 0.376953 0.015625 0.033594
0 0.429688 0.359375 0.018750 0.040625
0 0.526953 0.226172 0.017969 0.039844
0 0.106641 0.640234 0.011719 0.025781
0 0.850000 0.469531 0.017188 0.037500
0 0.556641 0.550391 0.011719 0.025781
0 0.420703 0.342969 0.021094 0.045312
0 0.571094 0.487500 0.020313 0.043750
0 0.636719 0.970313 0.012500 0.028125
0 0.632031 0.328516 0.018750 0.039844
0 0.508984 0.400781 0.019531 0.042188
0 0.495312 0.887500 0.017188 0.037500
0 0.203906 0.510156 0.020313 0.043750
0 0.150391 0.228516 0.013281 0.028906
0 0.926562 0.859766 0.021875 0.046094
0 0.132812 0.412891 0.021875 0.047656
0 0.040625 0.918750 0.017188 0.037500
0 0.288281 0.688672 0.015625 0.033594
0 0.666016 0.628516 0.011719 0.025781
0 0.760938 0.296484 0.018750 0.039844
0 0.837891 0.327344 0.016406 0.035937
0 0.124609 0.260937 0.013281 0.028125
0 0.580469 0.144922 0.014063 0.030469
0 0.939453 0.192578 0.017969 0.038281
0 0.349609 0.829688 0.016406 0.035937
0 0.036328 0.155469 0.021094 0.045312
