0 0.839063 0.674219 0.021875 0.046875
0 0.226562 0.202734 0.018750 0.041406
0 0.750000 0.485547 0.012500 0.027344
0 0.073438 0.458984 0.021875 0.046094
0 0.882812 0.697266 0.012500 0.025781
0 0.665234 0.267969 0.014844 0.032813
0 0.010547 0.906250 0.019531 0.042188
0 0.278125 0.902344 0.017188 0.037500
0 0.748437 0.065234 0.021875 0.046094
0 0.824609 0.381250 0.019531 0.042188
0 0.884375 0.966016 0.015625 0.033594
0 0.123438 0.039453 0.015625 0.033594
0 0.903516 0.842969 0.019531 0.042188
0 0.936719 0.332422 0.015625 0.033594
0 0.956250 0.135156 0.012500 0.026562
0 0.396875 0.080469 0.012500 0.026562
0 0.131641 0.417578 0.016406 0.035156
0 0.989453 0.341016 0.019531 0.041406
0 0.023828 0.783984 0.011719 0.025781
0 0.590234 0.120703 0.017969 0.038281
0 0.914062 0.435937 0.021875 0.046875
0 0.054688 0.020703 0.017188 0.036719
0 0.793359 0.632812 0.021094 0.043750
0 0.417969 0.683203 0.021875 0.046094
0 0.509375 0.855859 0.020313 0.042969
0 0.929688 0.281250 0.021875 0.046875
0 0.244922 0.094531 0.022656 0.046875
0 0.469922 0.512500 0.013281 0.028125
