0 0.839311 0.504560 0.005037 0.015674
0 0.391699 0.197065 0.004433 0.013964
0 0.436530 0.516529 0.003828 0.011114
0 0.608301 0.933029 0.004836 0.014819
0 0.657465 0.824736 0.004836 0.014819
0 0.060145 0.055571 0.004634 0.014249
0 0.669857 0.992590 0.004231 0.013109
0 0.972496 0.031205 0.005037 0.015104
0 0.980959 0.945711 0.005037 0.015674
0 0.651924 0.609148 0.005037 0.015674
0 0.376184 0.915503 0.003627 0.011114
0 0.681342 0.921915 0.004231 0.013109
0 0.568305 0.954118 0.003828 0.011969
0 0.405400 0.248361 0.004433 0.013964
