0 0.300121 0.112140 0.005037 0.015674
0 0.467560 0.613280 0.004231 0.013109
0 0.689603 0.395127 0.004231 0.012824
0 0.609913 0.797236 0.003627 0.011114
0 0.542918 0.286976 0.005037 0.015389
0 0.300121 0.493160 0.005037 0.015674
0 0.622809 0.266030 0.005239 0.015674
0 0.769192 0.641351 0.003828 0.011684
0 0.039291 0.944571 0.004836 0.014534
0 0.923433 0.975207 0.004030 0.012539
0 0.456982 0.134939 0.004030 0.012254
0 0.812916 0.705044 0.005440 0.015959
0 0.868829 0.406526 0.004030 0.011684
0 0.636107 0.516386 0.004030 0.012539
