0 0.676562 0.021875 0.018750 0.039062
0 0.429297 0.784766 0.014844 0.032031
0 0.626563 0.308984 0.017188 0.036719
0 0.710156 0.223828 0.018750 0.041406
0 0.513672 0.201172 0.014844 0.032031
0 0.104688 0.249219 0.021875 0.046875
0 0.649609 0.476953 0.017969 0.038281
0 0.539453 0.523828 0.014844 0.032031
0 0.369531 0.267969 0.014063 0.029687
0 0.955078 0.866406 0.016406 0.034375
0 0.943359 0.144141 0.013281 0.028906
0 0.655078 0.321094 0.019531 0.042188
0 0.718750 0.480859 0.018750 0.039844
0 0.712891 0.971094 0.019531 0.042188
0 0.613672 0.850000 0.013281 0.029687
0 0.404687 0.685547 0.017188 0.038281
0 0.016016 0.919141 0.017969 0.039844
