0 0.122266 0.383594 0.016406 0.034375
0 0.008203 0.544531 0.016406 0.035937
0 0.807813 0.060547 0.014063 0.030469
0 0.650000 0.243750 0.012500 0.026562
0 0.170703 0.428516 0.021094 0.046094
0 0.504297 0.119922 0.017969 0.038281
0 0.835156 0.732422 0.017188 0.036719
0 0.423047 0.308984 0.013281 0.028906
0 0.454297 0.340234 0.013281 0.028906
0 0.733203 0.493359 0.013281 0.028906
0 0.778516 0.632422 0.017969 0.039844
0 0.160938 0.136328 0.021875 0.046094
0 0.521094 0.799219 0.014063 0.031250
0 0.071094 0.419141 0.012500 0.027344
0 0.488281 0.869922 0.017188 0.035156
