0 0.385547 0.224609 0.014844 0.032031
0 0.659375 0.040234 0.021875 0.046094
0 0.504687 0.642188 0.012500 0.028125
0 0.262109 0.083203 0.011719 0.025781
0 0.925000 0.602344 0.021875 0.046875
0 0.186328 0.725000 0.019531 0.042188
0 0.109766 0.667188 0.019531 0.042188
0 0.629297 0.439844 0.017969 0.039062
0 0.365234 0.113672 0.021094 0.042969
0 0.497266 0.554688 0.017969 0.039062
0 0.079297 0.756641 0.014844 0.030469
0 0.211719 0.958594 0.015625 0.034375
0 0.414062 0.200391 0.012500 0.027344
0 0.753125 0.548047 0.021875 0.046094
