0 0.986719 0.866406 0.021875 0.046875
0 0.322266 0.154297 0.011719 0.025781
0 0.065234 0.633594 0.013281 0.026562
0 0.203125 0.418359 0.014063 0.030469
0 0.557422 0.253516 0.011719 0.025781
0 0.652734 0.317969 0.016406 0.035937
0 0.890625 0.728125 0.017188 0.035937
0 0.751172 0.212500 0.016406 0.034375
0 0.875391 0.710156 0.014844 0.032813
0 0.685547 0.312891 0.014844 0.032031
0 0.189062 0.474219 0.012500 0.026562
0 0.737500 0.694141 0.020313 0.044531
0 0.605078 0.376172 0.011719 0.025781
0 0.380469 0.927734 0.017188 0.036719
0 0.766797 0.547656 0.021094 0.043750
0 0.438672 0.510938 0.016406 0.034375
0 0.544141 0.503125 0.017969 0.037500
0 0.693359 0.491797 0.011719 0.025781
0 0.597266 0.220312 0.016406 0.034375
0 0.242188 0.814453 0.018750 0.041406
0 0.766016 0.400391 0.022656 0.046094
0 0.600391 0.603516 0.011719 0.025781
0 0.862500 0.219531 0.015625 0.034375
0 0.336719 0.735156 0.012500 0.028125
0 0.440625 0.931250 0.014063 0.031250
0 0.210938 0.288281 0.014063 0.029687
0 0.316797 0.323047 0.021094 0.044531
