0 0.847266 0.783203 0.017969 0.038281
0 0.290234 0.800781 0.019531 0.042188
0 0.727734 0.632422 0.011719 0.025781
0 0.797656 0.885156 0.017188 0.037500
0 0.139844 0.787109 0.017188 0.036719
0 0.352734 0.227344 0.019531 0.042188
0 0.441797 0.380469 0.014844 0.032813
0 0.331250 0.397656 0.015625 0.032813
0 0.258984 0.708594 0.013281 0.028125
0 0.389453 0.333203 0.011719 0.025781
0 0.221484 0.334375 0.017969 0.039062
0 0.225000 0.169141 0.018750 0.041406
0 0.835547 0.511719 0.017969 0.039062
0 0.196094 0.272266 0.018750 0.039844
