0 0.713480 0.018096 0.004836 0.014534
0 0.938243 0.443004 0.005037 0.015104
0 0.781080 0.536905 0.004231 0.013109
0 0.895829 0.594899 0.004433 0.013394
0 0.283599 0.064691 0.004231 0.013109
0 0.544530 0.521374 0.003828 0.011684
0 0.210256 0.038757 0.005440 0.015959
0 0.081201 0.110715 0.005239 0.015104
0 0.133286 0.214876 0.004231 0.013109
0 0.245718 0.073098 0.004231 0.012824
0 0.284505 0.326731 0.003627 0.011114
0 0.475116 0.431034 0.004030 0.011684
0 0.011082 0.871331 0.005239 0.015674
0 0.562563 0.949558 0.004836 0.014819
