0 0.683203 0.506641 0.017969 0.036719
0 0.414844 0.432812 0.017188 0.037500
0 0.514062 0.607031 0.015625 0.034375
0 0.061328 0.542969 0.013281 0.028125
0 0.374219 0.756250 0.020313 0.042188
0 0.367969 0.769531 0.018750 0.040625
0 0.696875 0.375781 0.015625 0.032813
0 0.378125 0.208984 0.015625 0.033594
0 0.710938 0.795703 0.014063 0.030469
0 0.621094 0.559766 0.015625 0.033594
0 0.778125 0.641797 0.018750 0.041406
0 0.969141 0.227734 0.014844 0.032031
0 0.117188 0.969531 0.021875 0.046875
0 0.846094 0.407813 0.020313 0.043750
0 0.965234 0.612500 0.016406 0.034375
0 0.370703 0.913281 0.016406 0.035937
0 0.363281 0.145703 0.015625 0.033594
0 0.591016 0.455859 0.014844 0.032031
0 0.300000 0.357031 0.015625 0.032813
0 0.202344 0.513281 0.012500 0.028125
0 0.085547 0.164844 0.016406 0.035937
0 0.598437 0.203125 0.020313 0.042188
0 0.357422 0.018750 0.016406 0.034375
0 0.671484 0.189453 0.011719 0.025781
0 0.703125 0.602344 0.012500 0.026562
0 0.783984 0.076563 0.021094 0.045312
0 0.820703 0.043359 0.011719 0.025781
0 0.935547 0.058984 0.017969 0.038281
