0 0.625831 0.467370 0.004433 0.013679
0 0.420613 0.618552 0.003828 0.011684
0 0.939754 0.204047 0.003627 0.010829
0 0.170663 0.939726 0.004030 0.012254
0 0.169252 0.317327 0.004836 0.014534
0 0.267782 0.443859 0.005239 0.015674
0 0.156156 0.717868 0.004030 0.012539
0 0.129962 0.416928 0.004836 0.014819
0 0.241386 0.515247 0.004836 0.014819
0 0.989522 0.408806 0.003627 0.011114
0 0.717107 0.307353 0.004030 0.012254
0 0.108906 0.034910 0.005037 0.015674
0 0.352609 0.110145 0.005239 0.015674
0 0.078783 0.210459 0.004433 0.013394
