0 0.588672 0.310937 0.016406 0.035937
0 0.067969 0.178516 0.012500 0.025781
0 0.790234 0.861328 0.017969 0.039844
0 0.836719 0.169922 0.018750 0.041406
0 0.253516 0.417969 0.017969 0.037500
0 0.570703 0.744141 0.014844 0.032031
0 0.084375 0.201563 0.017188 0.037500
0 0.718750 0.796094 0.015625 0.034375
0 0.367188 0.282031 0.012500 0.026562
0 0.790234 0.286328 0.017969 0.038281
0 0.887891 0.801562 0.016406 0.035937
0 0.466406 0.678125 0.018750 0.039062
0 0.394922 0.393359 0.017969 0.036719
0 0.867969 0.379297 0.018750 0.039844
