0 0.902734 0.325000 0.014844 0.031250
0 0.534766 0.633594 0.019531 0.042188
0 0.142187 0.462891 0.015625 0.033594
0 0.159766 0.157812 0.017969 0.039062
0 0.693359 0.748828 0.011719 0.025781
0 0.787891 0.616016 0.016406 0.035156
0 0.045703 0.171875 0.017969 0.039062
0 0.490234 0.855859 0.014844 0.032031
0 0.927344 0.895312 0.012500 0.026562
0 0.932422 0.232031 0.019531 0.042188
0 0.155078 0.717969 0.019531 0.042188
0 0.302734 0.725000 0.013281 0.028125
0 0.177344 0.649219 0.012500 0.026562
0 0.924609 0.453906 0.017969 0.039062
0 0.220703 0.419922 0.016406 0.035156
0 0.776172 0.733203 0.014844 0.032031
0 0.773828 0.122266 0.013281 0.028906
0 0.859766 0.088672 0.013281 0.028906
0 0.760547 0.584766 0.014844 0.032031
0 0.347266 0.769141 0.013281 0.028906
0 0.452734 0.809766 0.022656 0.046094
