0 0.766472 0.452551 0.004836 0.014819
0 0.383538 0.220576 0.004231 0.013109
0 0.375479 0.416500 0.004231 0.012824
0 0.928471 0.902394 0.004433 0.012824
0 0.842132 0.470362 0.003425 0.010544
0 0.691316 0.664719 0.005239 0.015674
0 0.502519 0.982759 0.004433 0.013394
0 0.570018 0.977629 0.004433 0.012824
0 0.080093 0.798803 0.004231 0.012539
0 0.650111 0.958108 0.004231 0.013109
0 0.498388 0.708321 0.004231 0.012824
0 0.036369 0.167569 0.004634 0.014249
0 0.069212 0.694215 0.003828 0.011969
0 0.807979 0.419350 0.003627 0.011114
0 0.589966 0.408521 0.004030 0.012254
