0 0.430078 0.346094 0.021094 0.045312
0 0.305469 0.271875 0.018750 0.040625
0 0.780469 0.349219 0.018750 0.040625
0 0.062891 0.806641 0.014844 0.032031
0 0.708594 0.337891 0.015625 0.033594
0 0.746094 0.373047 0.017188 0.036719
0 0.417187 0.756250 0.021875 0.046875
0 0.568750 0.798828 0.015625 0.033594
0 0.865625 0.760938 0.014063 0.029687
0 0.923438 0.735938 0.020313 0.043750
0 0.041406 0.432031 0.012500 0.028125
0 0.454688 0.028516 0.018750 0.039844
0 0.460938 0.296875 0.021875 0.046875
0 0.795312 0.727734 0.017188 0.036719
0 0.319141 0.090625 0.016406 0.035937
0 0.231641 0.675000 0.021094 0.045312
0 0.318359 0.146094 0.013281 0.028125
0 0.775781 0.161328 0.014063 0.030469
0 0.905469 0.362891 0.018750 0.039844
0 0.289062 0.889844 0.012500 0.028125
0 0.989453 0.207422 0.013281 0.028906
0 0.439453 0.460938 0.011719 0.025000
0 0.066016 0.471484 0.013281 0.028906
0 0.422656 0.017969 0.014063 0.029687
0 0.163672 0.620703 0.019531 0.039844
0 0.462500 0.298047 0.020313 0.041406
