0 0.350391 0.778125 0.019531 0.042188
0 0.455078 0.972656 0.019531 0.040625
0 0.971094 0.738672 0.014063 0.030469
0 0.104297 0.508594 0.022656 0.046875
0 0.638672 0.530859 0.013281 0.028906
0 0.264453 0.241797 0.013281 0.027344
0 0.414453 0.061719 0.019531 0.042188
0 0.384766 0.839453 0.016406 0.033594
0 0.958594 0.627344 0.020313 0.043750
0 0.464453 0.891797 0.021094 0.044531
0 0.075781 0.951562 0.018750 0.040625
0 0.187109 0.667969 0.022656 0.046875
0 0.778125 0.801953 0.017188 0.036719
0 0.050000 0.266406 0.014063 0.029687
0 0.937891 0.462500 0.021094 0.045312
0 0.137109 0.617578 0.017969 0.038281
0 0.552734 0.399219 0.016406 0.034375
0 0.513281 0.189844 0.015625 0.032813
0 0.822266 0.115234 0.011719 0.025781
0 0.492578 0.940234 0.021094 0.044531
0 0.759766 0.880078 0.013281 0.028906
0 0.182422 0.723828 0.017969 0.038281
0 0.783203 0.726953 0.017969 0.039844
0 0.507031 0.180859 0.018750 0.041406
0 0.567969 0.880859 0.017188 0.036719
0 0.939453 0.514062 0.013281 0.028125
0 0.623828 0.691016 0.011719 0.025781
0 0.188281 0.678906 0.020313 0.043750
0 0.537109 0.507422 0.011719 0.025781
