0 0.960938 0.664062 0.014063 0.029687
0 0.464062 0.444141 0.012500 0.027344
0 0.787891 0.603516 0.019531 0.041406
0 0.312891 0.616406 0.021094 0.043750
0 0.412891 0.641406 0.016406 0.035937
0 0.167578 0.842187 0.021094 0.045312
0 0.031641 0.967187 0.011719 0.025000
0 0.342187 0.380078 0.012500 0.027344
0 0.060547 0.668359 0.019531 0.039844
0 0.852344 0.347266 0.015625 0.032031
0 0.040234 0.701172 0.019531 0.042969
0 0.441406 0.799609 0.017188 0.036719
0 0.714453 0.115625 0.016406 0.034375
0 0.976953 0.583203 0.011719 0.025781
0 0.711719 0.438672 0.018750 0.039844
0 0.931250 0.986328 0.012500 0.027344
0 0.012891 0.692578 0.019531 0.042969
0 0.340234 0.795312 0.014844 0.031250
