0 0.645703 0.586719 0.019531 0.042188
0 0.945703 0.631641 0.017969 0.039844
0 0.184375 0.281641 0.014063 0.030469
0 0.279687 0.700000 0.015625 0.034375
0 0.388672 0.164062 0.013281 0.029687
0 0.650781 0.962500 0.020313 0.043750
0 0.760156 0.426563 0.012500 0.026562
0 0.244141 0.563281 0.019531 0.042188
0 0.616797 0.190625 0.019531 0.042188
0 0.083594 0.776953 0.014063 0.030469
0 0.042188 0.869141 0.012500 0.027344
0 0.163281 0.903906 0.012500 0.026562
0 0.329297 0.748828 0.017969 0.039844
0 0.927734 0.344141 0.019531 0.041406
0 0.896094 0.689453 0.012500 0.027344
0 0.268750 0.505469 0.014063 0.028125
0 0.491406 0.360938 0.014063 0.031250
0 0.740625 0.251953 0.017188 0.036719
0 0.037109 0.852344 0.013281 0.028125
0 0.880469 0.401172 0.021875 0.044531
0 0.308984 0.773438 0.014844 0.032813
0 0.514453 0.682031 0.013281 0.028125
0 0.826562 0.760547 0.020313 0.044531
0 0.152344 0.740234 0.012500 0.027344
0 0.925781 0.315234 0.012500 0.027344
0 0.375000 0.073047 0.020313 0.044531
