0 0.111719 0.118359 0.020313 0.044531
0 0.936328 0.871875 0.013281 0.028125
0 0.810156 0.904297 0.018750 0.041406
0 0.364063 0.209766 0.018750 0.039844
0 0.504297 0.079687 0.016406 0.035937
0 0.081250 0.680078 0.017188 0.036719
0 0.087500 0.444141 0.021875 0.046094
0 0.531250 0.283594 0.012500 0.028125
0 0.947266 0.658203 0.021094 0.044531
0 0.939453 0.413672 0.021094 0.046094
0 0.170313 0.796484 0.012500 0.025781
0 0.415625 0.762109 0.017188 0.036719
0 0.563672 0.377344 0.016406 0.035937
0 0.510547 0.818750 0.017969 0.039062
0 0.453125 0.858984 0.014063 0.030469
0 0.621875 0.323437 0.014063 0.031250
0 0.845313 0.629687 0.018750 0.040625
0 0.687109 0.764844 0.016406 0.035937
0 0.960547 0.670312 0.013281 0.029687
0 0.678125 0.650000 0.012500 0.026562
0 0.736328 0.152344 0.016406 0.035937
0 0.517578 0.703906 0.013281 0.028125
0 0.828125 0.786719 0.012500 0.026562
0 0.462109 0.073047 0.013281 0.028906
0 0.582422 0.265234 0.021094 0.042969
0 0.350000 0.537500 0.017188 0.037500
