0 0.485547 0.457422 0.017969 0.038281
0 0.255078 0.716406 0.013281 0.028125
0 0.100391 0.815234 0.017969 0.038281
0 0.301953 0.222656 0.021094 0.045312
0 0.720703 0.859766 0.014844 0.032031
0 0.039844 0.921094 0.020313 0.043750
0 0.791406 0.161719 0.012500 0.026562
0 0.571094 0.077344 0.021875 0.046875
0 0.439453 0.283203 0.013281 0.028906
0 0.024609 0.246875 0.019531 0.042188
0 0.904687 0.500781 0.020313 0.043750
0 0.457422 0.761328 0.013281 0.028906
0 0.307422 0.857812 0.013281 0.028125
0 0.716797 0.770703 0.019531 0.041406
0 0.629687 0.904687 0.020313 0.043750
