0 0.100391 0.892188 0.014844 0.032813
0 0.344922 0.741016 0.016406 0.035156
0 0.207813 0.430469 0.014063 0.029687
0 0.084766 0.873828 0.021094 0.046094
0 0.029297 0.185156 0.021094 0.045312
0 0.874219 0.905469 0.017188 0.037500
0 0.401953 0.333594 0.021094 0.045312
0 0.626172 0.095312 0.017969 0.037500
0 0.517188 0.130469 0.015625 0.034375
0 0.253125 0.361719 0.012500 0.026562
0 0.366406 0.279687 0.014063 0.031250
0 0.498047 0.047656 0.021094 0.045312
0 0.227344 0.396094 0.018750 0.040625
0 0.382422 0.553906 0.022656 0.046875
0 0.026953 0.237109 0.019531 0.042969
0 0.083203 0.409375 0.016406 0.035937
0 0.841406 0.060547 0.014063 0.030469
0 0.635938 0.473828 0.017188 0.036719
