0 0.081250 0.808594 0.012500 0.026562
0 0.317578 0.066797 0.022656 0.046094
0 0.698828 0.031641 0.019531 0.041406
0 0.986719 0.341406 0.021875 0.046875
0 0.917969 0.281250 0.012500 0.028125
0 0.484766 0.163672 0.021094 0.046094
0 0.303516 0.265625 0.017969 0.039062
0 0.749219 0.121484 0.015625 0.033594
0 0.368750 0.147656 0.012500 0.026562
0 0.494141 0.048047 0.017969 0.036719
0 0.767578 0.526172 0.017969 0.038281
0 0.492188 0.241797 0.018750 0.039844
0 0.875000 0.144531 0.018750 0.040625
0 0.484766 0.149609 0.011719 0.025781
0 0.264844 0.710938 0.014063 0.031250
0 0.478125 0.577344 0.014063 0.029687
0 0.245703 0.065625 0.014844 0.032813
0 0.705469 0.169531 0.018750 0.040625
0 0.248047 0.835547 0.021094 0.046094
0 0.779297 0.965625 0.019531 0.042188
0 0.862109 0.438281 0.017969 0.039062
0 0.723437 0.776563 0.015625 0.034375
