0 0.885654 0.418780 0.004231 0.012824
0 0.749345 0.852950 0.004030 0.011969
0 0.275337 0.185380 0.003828 0.011684
0 0.451944 0.640211 0.004836 0.013964
0 0.471892 0.940011 0.004836 0.014534
0 0.374572 0.969080 0.004433 0.013964
0 0.832259 0.751639 0.003425 0.010544
0 0.602962 0.709034 0.005037 0.015389
0 0.730606 0.293816 0.004836 0.014249
0 0.226476 0.845398 0.004836 0.014534
0 0.506649 0.156312 0.003828 0.011684
0 0.526597 0.362496 0.005037 0.015389
0 0.342132 0.471074 0.004836 0.014819
0 0.081604 0.045027 0.003627 0.011399
0 0.461414 0.848532 0.004836 0.014534
