0 0.886328 0.162109 0.021094 0.044531
0 0.738281 0.632812 0.014063 0.031250
0 0.544141 0.653516 0.014844 0.032031
0 0.696094 0.575391 0.015625 0.033594
0 0.530859 0.598047 0.019531 0.041406
0 0.632812 0.626563 0.012500 0.026562
0 0.181250 0.205469 0.015625 0.032813
0 0.484375 0.904297 0.017188 0.036719
0 0.394141 0.896875 0.021094 0.045312
0 0.413281 0.786719 0.012500 0.026562
0 0.818750 0.492969 0.015625 0.034375
0 0.436719 0.324609 0.014063 0.030469
0 0.425391 0.353125 0.016406 0.035937
0 0.659375 0.244531 0.012500 0.026562
0 0.580469 0.974609 0.014063 0.030469
0 0.700000 0.785156 0.017188 0.037500
0 0.237109 0.551953 0.011719 0.025781
0 0.935156 0.534375 0.017188 0.037500
0 0.226172 0.388281 0.019531 0.042188
0 0.377734 0.468359 0.014844 0.032031
0 0.935156 0.214062 0.021875 0.046875
0 0.209375 0.779297 0.015625 0.033594
0 0.706250 0.231641 0.020313 0.044531
0 0.671484 0.389844 0.021094 0.045312
