0 0.101172 0.979297 0.017969 0.038281
0 0.233594 0.180469 0.018750 0.039062
0 0.701953 0.322656 0.014844 0.032813
0 0.395313 0.662500 0.012500 0.026562
0 0.333984 0.254688 0.014844 0.031250
0 0.329297 0.690625 0.013281 0.028125
0 0.834375 0.430078 0.018750 0.039844
0 0.980469 0.581641 0.015625 0.033594
0 0.489063 0.512109 0.017188 0.036719
0 0.227344 0.912109 0.017188 0.036719
0 0.255859 0.535156 0.011719 0.026562
0 0.212500 0.771094 0.020313 0.043750
0 0.384375 0.506641 0.020313 0.042969
0 0.241406 0.960547 0.020313 0.042969
