0 0.016406 0.213281 0.017188 0.037500
0 0.349609 0.746875 0.016406 0.035937
0 0.850391 0.044531 0.013281 0.028125
0 0.911328 0.266797 0.013281 0.028906
0 0.107422 0.062109 0.021094 0.044531
0 0.680078 0.033203 0.017969 0.039844
0 0.829688 0.848828 0.017188 0.036719
0 0.389062 0.236328 0.012500 0.025781
0 0.519922 0.911719 0.013281 0.029687
0 0.926562 0.111719 0.017188 0.035937
0 0.155469 0.838281 0.015625 0.032813
0 0.483594 0.416797 0.017188 0.036719
0 0.769141 0.821094 0.021094 0.043750
0 0.107813 0.929688 0.021875 0.046875
0 0.485547 0.585938 0.019531 0.042188
0 0.325781 0.730469 0.015625 0.032813
0 0.330859 0.582812 0.017969 0.039062
0 0.340625 0.460156 0.015625 0.034375
0 0.953516 0.603125 0.019531 0.042188
0 0.129688 0.708984 0.014063 0.030469
0 0.828516 0.240234 0.019531 0.042969
0 0.203516 0.673047 0.014844 0.032031
0 0.466016 0.056641 0.017969 0.038281
0 0.099219 0.482812 0.012500 0.028125
0 0.175000 0.163672 0.015625 0.033594
