0 0.978125 0.813281 0.021875 0.046875
0 0.771094 0.736719 0.021875 0.046875
0 0.626563 0.751172 0.017188 0.036719
0 0.377344 0.225781 0.021875 0.046875
0 0.745313 0.027344 0.021875 0.046875
0 0.605469 0.755859 0.021875 0.044531
0 0.914453 0.978125 0.013281 0.028125
0 0.046875 0.050000 0.021875 0.046875
0 0.921094 0.330078 0.021875 0.046094
0 0.355469 0.260547 0.015625 0.033594
0 0.532813 0.770703 0.015625 0.033594
0 0.175781 0.544531 0.014063 0.029687
0 0.742188 0.268750 0.015625 0.034375
0 0.605859 0.714063 0.016406 0.035937
0 0.067187 0.866797 0.020313 0.042969
0 0.108203 0.123047 0.017969 0.036719
0 0.614453 0.200000 0.019531 0.042188
0 0.634375 0.903906 0.021875 0.046875
0 0.174219 0.670703 0.017188 0.036719
0 0.647266 0.152344 0.016406 0.034375
