0 0.162500 0.196094 0.020313 0.042188
0 0.364063 0.625000 0.015625 0.034375
0 0.212500 0.117578 0.015625 0.033594
0 0.900391 0.385547 0.014844 0.032031
0 0.346484 0.808203 0.013281 0.027344
0 0.576562 0.785156 0.017188 0.035937
0 0.660156 0.058594 0.021875 0.046875
0 0.967187 0.228516 0.018750 0.039844
0 0.246484 0.971484 0.016406 0.035156
0 0.455078 0.473438 0.021094 0.045312
0 0.294922 0.044141 0.019531 0.042969
0 0.500000 0.474219 0.021875 0.046875
0 0.935547 0.954688 0.016406 0.034375
0 0.537109 0.600000 0.016406 0.035937
0 0.722656 0.918359 0.018750 0.038281
0 0.116016 0.506250 0.016406 0.035937
0 0.537891 0.095312 0.016406 0.035937
0 0.378906 0.617188 0.021875 0.046875
0 0.107422 0.271094 0.019531 0.042188
0 0.923047 0.783984 0.022656 0.046094
0 0.189453 0.602344 0.019531 0.042188
0 0.324219 0.446484 0.017188 0.036719
0 0.439844 0.846484 0.017188 0.036719
0 0.271094 0.072656 0.018750 0.040625
0 0.248047 0.621484 0.014844 0.030469
0 0.902344 0.551172 0.018750 0.039844
0 0.396094 0.232422 0.018750 0.039844
