0 0.415234 0.928906 0.016406 0.035937
0 0.907031 0.752344 0.015625 0.032813
0 0.952734 0.823438 0.016406 0.034375
0 0.561328 0.463672 0.014844 0.032031
0 0.281250 0.531250 0.018750 0.039062
0 0.612891 0.189062 0.013281 0.028125
0 0.117969 0.065625 0.014063 0.031250
0 0.137500 0.264844 0.014063 0.031250
0 0.495312 0.929297 0.014063 0.030469
0 0.683203 0.112891 0.019531 0.041406
0 0.761719 0.606641 0.017188 0.038281
0 0.774609 0.405859 0.019531 0.039844
0 0.021875 0.337500 0.012500 0.026562
0 0.044141 0.514062 0.017969 0.039062
0 0.741406 0.286719 0.015625 0.034375
0 0.882031 0.461328 0.015625 0.033594
0 0.366797 0.559766 0.014844 0.032031
0 0.489844 0.879297 0.021875 0.046094
0 0.065234 0.953125 0.022656 0.046875
0 0.780859 0.125391 0.013281 0.028906
0 0.173828 0.078906 0.014844 0.032813
0 0.812891 0.824219 0.016406 0.034375
0 0.766406 0.470313 0.014063 0.031250
0 0.434375 0.789453 0.014063 0.030469
0 0.202344 0.532031 0.014063 0.029687
0 0.832812 0.232031 0.014063 0.031250
0 0.957422 0.609766 0.017969 0.038281
0 0.940625 0.428516 0.018750 0.041406
