0 0.583984 0.229687 0.016406 0.035937
0 0.040625 0.060156 0.017188 0.037500
0 0.812500 0.059766 0.020313 0.044531
0 0.619531 0.717969 0.021875 0.046875
0 0.230078 0.216406 0.013281 0.029687
0 0.487500 0.886328 0.021875 0.047656
0 0.241406 0.685547 0.012500 0.027344
0 0.156250 0.564844 0.021875 0.046875
0 0.620313 0.645312 0.017188 0.037500
0 0.794922 0.237500 0.014844 0.031250
0 0.265234 0.348828 0.019531 0.042969
0 0.175781 0.790234 0.018750 0.041406
0 0.484766 0.410938 0.021094 0.045312
0 0.017969 0.321484 0.020313 0.044531
0 0.900391 0.571875 0.016406 0.035937
0 0.877734 0.414844 0.019531 0.042188
0 0.492969 0.517578 0.014063 0.030469
0 0.875000 0.914453 0.021875 0.047656
0 0.846875 0.287891 0.021875 0.046094
0 0.444922 0.087891 0.016406 0.035156
0 0.166406 0.390234 0.014063 0.030469
0 0.518359 0.286719 0.011719 0.025000
0 0.928906 0.367188 0.014063 0.029687
