0 0.417969 0.938672 0.018750 0.041406
0 0.310547 0.912500 0.019531 0.042188
0 0.946094 0.373828 0.018750 0.039844
0 0.370703 0.716406 0.013281 0.028125
0 0.932031 0.526172 0.017188 0.038281
0 0.773047 0.877734 0.019531 0.041406
0 0.512500 0.535156 0.012500 0.026562
0 0.328125 0.386719 0.020313 0.042188
0 0.593750 0.631641 0.020313 0.042969
0 0.419922 0.356641 0.022656 0.046094
0 0.113281 0.896484 0.017188 0.036719
0 0.393750 0.793750 0.021875 0.046875
0 0.714844 0.879297 0.020313 0.042969
0 0.906250 0.856641 0.018750 0.039844
0 0.344922 0.188672 0.021094 0.042969
0 0.028516 0.571094 0.014844 0.032813
0 0.389844 0.426563 0.014063 0.031250
0 0.245312 0.090625 0.014063 0.031250
0 0.886719 0.096484 0.020313 0.042969
0 0.792578 0.415234 0.017969 0.038281
0 0.551172 0.699609 0.019531 0.039844
0 0.936328 0.387109 0.014844 0.032031
0 0.304297 0.849609 0.017969 0.039844
0 0.896484 0.177734 0.016406 0.035156
0 0.904687 0.717578 0.017188 0.036719
0 0.767578 0.289062 0.013281 0.026562
