0 0.226562 0.236328 0.018750 0.039844
0 0.184375 0.574219 0.018750 0.040625
0 0.497266 0.910547 0.013281 0.028906
0 0.092188 0.957812 0.017188 0.035937
0 0.530859 0.189844 0.014844 0.032813
0 0.420312 0.476953 0.021875 0.044531
0 0.273438 0.160156 0.017188 0.037500
0 0.423828 0.500781 0.013281 0.028125
0 0.894922 0.519922 0.014844 0.032031
0 0.288281 0.413281 0.015625 0.034375
0 0.778906 0.478125 0.017188 0.037500
0 0.832031 0.208594 0.018750 0.039062
0 0.725781 0.614453 0.018750 0.039844
0 0.828906 0.083203 0.018750 0.039844
0 0.505078 0.042578 0.017969 0.039844
0 0.688672 0.328906 0.017969 0.039062
0 0.524609 0.342187 0.013281 0.029687
0 0.834375 0.773438 0.020313 0.042188
0 0.487891 0.084375 0.013281 0.026562
0 0.714844 0.596875 0.018750 0.040625
0 0.494141 0.660547 0.016406 0.035156
0 0.920703 0.927344 0.017969 0.039062
0 0.610547 0.869922 0.014844 0.032031
0 0.715625 0.826953 0.012500 0.027344
0 0.917188 0.320312 0.020313 0.043750
0 0.222656 0.582031 0.018750 0.039062
0 0.010547 0.594922 0.019531 0.041406
0 0.450391 0.097656 0.013281 0.029687
0 0.327344 0.141016 0.014063 0.030469
0 0.707422 0.660937 0.021094 0.045312
