0 0.195801 0.901520 0.010742 0.032481
0 0.300781 0.795093 0.009766 0.029717
0 0.408203 0.547339 0.009766 0.030408
0 0.646240 0.640981 0.011230 0.035245
0 0.818359 0.229786 0.008789 0.025570
0 0.889648 0.281617 0.008789 0.026952
0 0.614746 0.103317 0.008789 0.026952
0 0.471924 0.153766 0.012207 0.038010
0 0.645264 0.944022 0.013184 0.038701
0 0.763672 0.976503 0.011719 0.035936
0 0.034912 0.921216 0.011230 0.033172
0 0.844482 0.959917 0.011230 0.034554
0 0.096924 0.223912 0.011230 0.033172
0 0.520996 0.916033 0.008789 0.026952
0 0.551514 0.718037 0.009277 0.027643
