0 0.911719 0.949219 0.018750 0.040625
0 0.036328 0.957812 0.019531 0.042188
0 0.839844 0.910156 0.020313 0.043750
0 0.378125 0.510547 0.014063 0.030469
0 0.250391 0.353906 0.017969 0.039062
0 0.551953 0.819531 0.019531 0.042188
0 0.584375 0.151172 0.021875 0.047656
0 0.952344 0.863281 0.021875 0.045312
0 0.512109 0.899219 0.019531 0.042188
0 0.891797 0.718359 0.017969 0.036719
0 0.983594 0.189453 0.020313 0.044531
0 0.013281 0.389844 0.017188 0.037500
0 0.939844 0.568359 0.018750 0.039844
0 0.128516 0.120703 0.021094 0.046094
0 0.298828 0.086328 0.011719 0.025781
0 0.898047 0.957031 0.016406 0.035937
0 0.729688 0.644922 0.012500 0.027344
0 0.467578 0.119141 0.011719 0.025781
0 0.522266 0.034375 0.014844 0.031250
0 0.849609 0.683203 0.013281 0.027344
0 0.629297 0.641016 0.017969 0.038281
0 0.101953 0.368359 0.019531 0.039844
0 0.610547 0.565625 0.021094 0.045312
0 0.380078 0.781641 0.017969 0.038281
0 0.188672 0.908594 0.014844 0.031250
0 0.066016 0.417187 0.017969 0.039062
0 0.819922 0.103125 0.014844 0.032813
0 0.189062 0.871484 0.012500 0.025781
