0 0.657364 0.542605 0.003425 0.010829
0 0.078582 0.909233 0.004836 0.015104
0 0.365706 0.823454 0.004030 0.012254
0 0.241286 0.061414 0.004231 0.012824
0 0.607092 0.148333 0.003627 0.011114
0 0.890792 0.842833 0.004433 0.013394
0 0.660991 0.904531 0.004634 0.014249
0 0.166734 0.294386 0.003828 0.011969
0 0.568003 0.088487 0.005239 0.015104
0 0.760629 0.011969 0.004030 0.012539
0 0.067902 0.502565 0.004030 0.012254
0 0.096716 0.145198 0.004836 0.015104
0 0.182349 0.452266 0.004433 0.013679
0 0.646585 0.041465 0.004030 0.012254
