0 0.178320 0.693502 0.004433 0.013394
0 0.918497 0.054289 0.005037 0.014534
0 0.403587 0.898404 0.004836 0.014534
0 0.612734 0.129809 0.004433 0.012824
0 0.716301 0.351810 0.004433 0.013394
0 0.068305 0.708749 0.004433 0.013679
0 0.431594 0.482331 0.004433 0.013394
0 0.073040 0.984326 0.004231 0.013109
0 0.183256 0.290111 0.003828 0.011969
0 0.424340 0.021374 0.004836 0.014819
0 0.281584 0.469222 0.003828 0.011684
0 0.393613 0.731405 0.004231 0.012254
0 0.811304 0.966230 0.003828 0.011684
0 0.658473 0.596181 0.005239 0.015959
0 0.737356 0.444286 0.004231 0.013109
