0 0.948217 0.270875 0.004836 0.014534
0 0.325005 0.349530 0.004836 0.013964
0 0.644469 0.438159 0.004634 0.014534
0 0.417389 0.805928 0.003828 0.011969
0 0.172879 0.954118 0.004030 0.012539
0 0.136208 0.635936 0.004030 0.012254
0 0.039492 0.691080 0.004030 0.012539
0 0.563470 0.015104 0.004634 0.014249
0 0.583417 0.868766 0.005037 0.015674
0 0.738162 0.893417 0.003828 0.011969
0 0.387165 0.990168 0.005037 0.015674
0 0.289543 0.669849 0.004030 0.012254
0 0.359964 0.284269 0.004231 0.012824
0 0.666129 0.814762 0.004836 0.014249
