0 0.492188 0.471094 0.018750 0.040625
0 0.421484 0.258984 0.017969 0.038281
0 0.926953 0.130078 0.019531 0.041406
0 0.181250 0.280859 0.018750 0.039844
0 0.032422 0.407031 0.017969 0.039062
0 0.470313 0.422656 0.018750 0.039062
0 0.685937 0.380469 0.017188 0.037500
0 0.351562 0.158984 0.015625 0.033594
0 0.824609 0.499219 0.019531 0.040625
0 0.733203 0.733203 0.017969 0.038281
0 0.164062 0.737891 0.018750 0.039844
0 0.642969 0.637109 0.012500 0.027344
0 0.238672 0.207031 0.017969 0.039062
0 0.407422 0.719141 0.017969 0.039844
0 0.232031 0.215234 0.012500 0.027344
0 0.888281 0.048438 0.014063 0.029687
0 0.380859 0.790625 0.017969 0.037500
0 0.652344 0.442188 0.018750 0.040625
0 0.235937 0.423047 0.015625 0.033594
0 0.854297 0.900781 0.013281 0.029687
0 0.861719 0.099609 0.012500 0.027344
0 0.341797 0.591016 0.011719 0.025781
0 0.350000 0.935547 0.017188 0.038281
0 0.984766 0.807813 0.016406 0.034375
0 0.134375 0.440234 0.020313 0.044531
0 0.321484 0.293750 0.021094 0.043750
0 0.148828 0.784766 0.014844 0.032031
