0 0.057031 0.225000 0.012500 0.026562
0 0.793359 0.983984 0.013281 0.028906
0 0.223047 0.053906 0.019531 0.042188
0 0.535156 0.473047 0.021875 0.046094
0 0.216797 0.313281 0.014844 0.032813
0 0.332813 0.025391 0.020313 0.042969
0 0.164844 0.231641 0.015625 0.033594
0 0.053906 0.192969 0.017188 0.035937
0 0.314063 0.833594 0.018750 0.040625
0 0.653906 0.156250 0.015625 0.032813
0 0.985547 0.057813 0.014844 0.031250
0 0.011328 0.695312 0.021094 0.045312
0 0.779297 0.908203 0.021094 0.044531
0 0.256641 0.950000 0.016406 0.035937
0 0.344531 0.934375 0.020313 0.043750
0 0.483594 0.314063 0.014063 0.031250
0 0.549609 0.249219 0.017969 0.039062
0 0.260547 0.342578 0.011719 0.025781
0 0.178906 0.028516 0.020313 0.044531
0 0.129688 0.419922 0.020313 0.044531
