0 0.781641 0.598437 0.014844 0.031250
0 0.783594 0.884375 0.020313 0.043750
0 0.788281 0.093359 0.014063 0.030469
0 0.148047 0.090625 0.017969 0.039062
0 0.075391 0.203125 0.016406 0.035937
0 0.626172 0.698828 0.011719 0.025781
0 0.440234 0.802734 0.021094 0.042969
0 0.214453 0.753125 0.021094 0.045312
0 0.158203 0.271875 0.013281 0.028125
0 0.338672 0.430078 0.011719 0.025781
0 0.813281 0.796484 0.012500 0.027344
0 0.794922 0.181250 0.021094 0.045312
0 0.019922 0.761719 0.011719 0.026562
0 0.327734 0.911719 0.014844 0.031250
0 0.146875 0.637891 0.012500 0.027344
0 0.664453 0.879297 0.013281 0.027344
0 0.903516 0.982422 0.013281 0.028906
0 0.595313 0.787891 0.021875 0.044531
0 0.836719 0.641016 0.020313 0.042969
