0 0.345459 0.260194 0.011230 0.033863
0 0.050293 0.506911 0.011719 0.036628
0 0.553711 0.120594 0.008789 0.026952
0 0.287109 0.162405 0.012695 0.037319
0 0.476318 0.611956 0.012207 0.038010
0 0.801514 0.058742 0.010254 0.030408
0 0.492676 0.898065 0.011719 0.035245
0 0.783936 0.952661 0.011230 0.033863
0 0.678467 0.389426 0.008301 0.025570
0 0.135254 0.390117 0.008789 0.026952
0 0.527344 0.048030 0.011719 0.036628
0 0.142334 0.445404 0.010254 0.031099
0 0.710205 0.441603 0.012207 0.037319
0 0.368896 0.267795 0.010254 0.031099
