0 0.149305 0.597606 0.003627 0.010829
0 0.141749 0.793958 0.003425 0.010829
0 0.576567 0.723425 0.005037 0.014534
0 0.242091 0.036050 0.004231 0.012824
0 0.157767 0.710316 0.005239 0.015104
0 0.027705 0.259761 0.004231 0.012824
0 0.169051 0.333286 0.004433 0.013394
0 0.467661 0.858649 0.004030 0.012539
0 0.079891 0.796096 0.005037 0.015104
0 0.100846 0.360929 0.004634 0.013964
0 0.675700 0.948133 0.004231 0.013109
0 0.548156 0.635794 0.004634 0.014249
0 0.680032 0.849102 0.004433 0.012824
0 0.390792 0.462382 0.004634 0.013394
