0 0.401953 0.064453 0.014844 0.032031
0 0.800000 0.780078 0.018750 0.039844
0 0.881250 0.566406 0.017188 0.037500
0 0.311719 0.333984 0.017188 0.035156
0 0.374219 0.910937 0.020313 0.043750
0 0.666797 0.518359 0.014844 0.032031
0 0.774219 0.921094 0.021875 0.046875
0 0.733203 0.976562 0.021094 0.045312
0 0.263281 0.660937 0.015625 0.034375
0 0.547656 0.547656 0.018750 0.040625
0 0.350391 0.358984 0.021094 0.046094
0 0.756641 0.901953 0.017969 0.036719
0 0.319141 0.323047 0.014844 0.032031
0 0.946094 0.183984 0.015625 0.033594
0 0.850391 0.767188 0.013281 0.028125
0 0.466797 0.851562 0.016406 0.035937
0 0.871094 0.353125 0.020313 0.043750
0 0.209766 0.257812 0.011719 0.026562
0 0.323437 0.144141 0.014063 0.030469
