0 0.979649 0.924765 0.004030 0.012539
0 0.348781 0.226133 0.005239 0.015674
0 0.278461 0.947991 0.005239 0.015674
0 0.708140 0.019521 0.005440 0.015674
0 0.680032 0.467512 0.004433 0.012824
0 0.380214 0.977629 0.004433 0.012824
0 0.993855 0.712311 0.004231 0.012824
0 0.351602 0.481761 0.004836 0.014534
0 0.154241 0.501995 0.005440 0.015674
0 0.469575 0.282559 0.004634 0.014534
0 0.885049 0.923625 0.003828 0.011969
0 0.755994 0.620975 0.005239 0.015389
0 0.823494 0.866344 0.004433 0.013109
0 0.797199 0.028213 0.004634 0.014249
0 0.754685 0.083785 0.004231 0.013109
