0 0.065234 0.281641 0.014844 0.032031
0 0.515234 0.346875 0.016406 0.035937
0 0.191016 0.899219 0.016406 0.035937
0 0.107422 0.648828 0.014844 0.032031
0 0.226172 0.537500 0.014844 0.031250
0 0.706641 0.421875 0.017969 0.039062
0 0.806250 0.133203 0.020313 0.044531
0 0.202734 0.069531 0.019531 0.042188
0 0.669141 0.423828 0.013281 0.027344
0 0.916016 0.697266 0.016406 0.035156
0 0.585547 0.084375 0.014844 0.031250
0 0.905469 0.122266 0.014063 0.030469
0 0.616797 0.949609 0.016406 0.035156
0 0.113281 0.564844 0.014063 0.029687
0 0.875000 0.694922 0.020313 0.044531
0 0.201953 0.186328 0.014844 0.032031
0 0.385156 0.017188 0.015625 0.034375
0 0.807813 0.817578 0.020313 0.044531
