0 0.293875 0.707894 0.003828 0.011969
0 0.336994 0.414506 0.003828 0.011684
0 0.132783 0.328299 0.004030 0.012539
0 0.178118 0.592761 0.004030 0.012539
0 0.451944 0.298946 0.005239 0.015389
0 0.627846 0.593759 0.003627 0.011114
0 0.403889 0.639071 0.003828 0.011684
0 0.721136 0.338416 0.004030 0.012254
0 0.417792 0.422485 0.005037 0.015674
0 0.047552 0.259903 0.004836 0.014819
0 0.291860 0.993730 0.003828 0.011399
0 0.292766 0.968082 0.004836 0.014819
0 0.786017 0.356512 0.004433 0.013109
0 0.032239 0.104161 0.005239 0.015674
