0 0.873262 0.144771 0.004836 0.014249
0 0.349385 0.253491 0.004030 0.012254
0 0.377493 0.067256 0.004634 0.014249
0 0.688999 0.969507 0.003828 0.011969
0 0.136812 0.813052 0.004030 0.011969
0 0.776849 0.057139 0.004634 0.014534
0 0.234435 0.576803 0.003828 0.011399
0 0.636409 0.215019 0.005037 0.015674
0 0.298912 0.984041 0.004231 0.012539
0 0.426557 0.436449 0.005239 0.015104
0 0.583921 0.980336 0.003627 0.011399
0 0.740782 0.763893 0.005037 0.015104
0 0.213379 0.318752 0.003627 0.011114
0 0.781886 0.167712 0.005037 0.015674
