0 0.426563 0.930469 0.015625 0.034375
0 0.406250 0.335938 0.018750 0.040625
0 0.494531 0.714453 0.012500 0.027344
0 0.549219 0.921875 0.021875 0.046875
0 0.573828 0.245312 0.013281 0.028125
0 0.393359 0.941016 0.014844 0.032031
0 0.065234 0.663672 0.013281 0.028906
0 0.191016 0.481250 0.013281 0.028125
0 0.323047 0.301953 0.016406 0.035156
0 0.798828 0.188672 0.019531 0.041406
0 0.868359 0.058984 0.021094 0.044531
0 0.277734 0.838672 0.013281 0.028906
0 0.020313 0.601172 0.021875 0.046094
0 0.569922 0.370312 0.014844 0.031250
0 0.478906 0.095703 0.014063 0.030469
0 0.246484 0.878125 0.014844 0.032813
0 0.315234 0.505469 0.013281 0.028125
0 0.772656 0.960547 0.020313 0.044531
0 0.377344 0.041016 0.015625 0.033594
0 0.529687 0.250391 0.018750 0.039844
0 0.764844 0.734375 0.015625 0.034375
0 0.276172 0.139063 0.017969 0.039062
0 0.970703 0.081641 0.021094 0.046094
0 0.663672 0.332031 0.014844 0.031250
0 0.125391 0.098437 0.019531 0.042188
0 0.035547 0.682422 0.013281 0.028906
0 0.060156 0.773438 0.018750 0.039062
0 0.100000 0.952734 0.017188 0.036719
0 0.327344 0.419141 0.014063 0.030469
0 0.587109 0.955078 0.011719 0.025781
