0 0.572656 0.323047 0.021875 0.044531
0 0.685156 0.335156 0.018750 0.040625
0 0.136328 0.668750 0.013281 0.029687
0 0.584375 0.513672 0.020313 0.044531
0 0.919531 0.647266 0.014063 0.030469
0 0.490234 0.210547 0.019531 0.042969
0 0.101172 0.895312 0.013281 0.029687
0 0.145313 0.904687 0.012500 0.026562
0 0.680469 0.344531 0.012500 0.026562
0 0.013281 0.083203 0.017188 0.036719
0 0.413672 0.307031 0.014844 0.032813
0 0.037500 0.534766 0.017188 0.035156
0 0.526953 0.508203 0.017969 0.036719
0 0.689063 0.033594 0.012500 0.026562
0 0.066016 0.474219 0.019531 0.042188
0 0.808594 0.862109 0.014063 0.030469
0 0.083594 0.529687 0.012500 0.026562
0 0.443750 0.475391 0.012500 0.027344
