0 0.126562 0.492969 0.020313 0.043750
0 0.635547 0.208984 0.017969 0.039844
0 0.150391 0.933984 0.013281 0.027344
0 0.941406 0.486719 0.020313 0.042188
0 0.801562 0.576172 0.020313 0.041406
0 0.413672 0.341016 0.013281 0.028906
0 0.082812 0.580859 0.012500 0.027344
0 0.101172 0.219531 0.019531 0.042188
0 0.778125 0.698828 0.014063 0.028906
0 0.870313 0.417187 0.012500 0.026562
0 0.793359 0.900391 0.016406 0.033594
0 0.052344 0.276562 0.014063 0.031250
0 0.651563 0.873047 0.017188 0.036719
0 0.141797 0.357422 0.017969 0.039844
0 0.799219 0.312500 0.021875 0.046875
0 0.321875 0.601953 0.017188 0.036719
0 0.700000 0.428125 0.020313 0.043750
0 0.239453 0.153906 0.013281 0.028125
0 0.737109 0.417187 0.013281 0.028125
0 0.356250 0.628125 0.012500 0.026562
0 0.655078 0.857422 0.022656 0.046094
0 0.962109 0.669922 0.011719 0.025781
0 0.058594 0.457813 0.012500 0.026562
