0 0.903125 0.898438 0.021875 0.046875
0 0.160156 0.376172 0.021875 0.044531
0 0.478516 0.654687 0.011719 0.026562
0 0.677734 0.321875 0.013281 0.029687
0 0.880469 0.501953 0.018750 0.039844
0 0.123438 0.571875 0.020313 0.043750
0 0.559766 0.388672 0.017969 0.038281
0 0.089063 0.435937 0.020313 0.043750
0 0.872656 0.876953 0.012500 0.027344
0 0.676172 0.650000 0.016406 0.035937
0 0.407031 0.444922 0.017188 0.038281
0 0.765234 0.207813 0.017969 0.039062
0 0.656641 0.468359 0.014844 0.032031
0 0.128516 0.517578 0.021094 0.046094
0 0.412891 0.582812 0.019531 0.042188
0 0.516406 0.023438 0.014063 0.029687
0 0.406641 0.825781 0.021094 0.045312
0 0.969922 0.144141 0.016406 0.035156
0 0.507422 0.771875 0.016406 0.035937
0 0.640625 0.305078 0.012500 0.027344
0 0.634766 0.460156 0.014844 0.032813
0 0.021484 0.702734 0.021094 0.046094
0 0.838672 0.240234 0.017969 0.036719
0 0.364453 0.444141 0.017969 0.038281
0 0.132031 0.523438 0.015625 0.032813
0 0.091406 0.880859 0.012500 0.027344
0 0.928906 0.805469 0.014063 0.029687
0 0.373828 0.327734 0.013281 0.028906
