0 0.290234 0.924609 0.014844 0.032031
0 0.252344 0.704688 0.015625 0.032813
0 0.333594 0.199609 0.014063 0.030469
0 0.536328 0.316406 0.022656 0.046875
0 0.662500 0.937500 0.012500 0.026562
0 0.150391 0.033203 0.021094 0.046094
0 0.503906 0.561328 0.018750 0.039844
0 0.132812 0.024219 0.017188 0.035937
0 0.758984 0.396875 0.013281 0.028125
0 0.028906 0.192188 0.017188 0.037500
0 0.600000 0.073438 0.015625 0.034375
0 0.091797 0.188672 0.017969 0.039844
0 0.893750 0.965625 0.014063 0.029687
0 0.323437 0.355859 0.017188 0.036719
0 0.060937 0.074609 0.014063 0.030469
0 0.512500 0.408203 0.012500 0.027344
0 0.050000 0.112500 0.014063 0.029687
0 0.157422 0.816406 0.014844 0.031250
0 0.537500 0.621094 0.017188 0.037500
0 0.269922 0.136719 0.017969 0.039062
0 0.837891 0.930469 0.019531 0.042188
0 0.741406 0.535156 0.021875 0.045312
