0 0.783594 0.467969 0.018750 0.040625
0 0.426953 0.357031 0.021094 0.043750
0 0.598437 0.817187 0.015625 0.034375
0 0.261328 0.316406 0.014844 0.031250
0 0.084375 0.293750 0.018750 0.040625
0 0.396484 0.835938 0.017969 0.039062
0 0.092969 0.111328 0.017188 0.036719
0 0.069141 0.036719 0.014844 0.031250
0 0.640234 0.122266 0.013281 0.028906
0 0.192969 0.275781 0.017188 0.035937
0 0.213281 0.348047 0.015625 0.033594
0 0.109375 0.061328 0.018750 0.039844
0 0.800391 0.380469 0.016406 0.035937
0 0.389062 0.454688 0.012500 0.028125
0 0.182812 0.334375 0.014063 0.031250
0 0.194922 0.199219 0.011719 0.026562
0 0.675781 0.260156 0.018750 0.040625
0 0.534375 0.164453 0.012500 0.025781
0 0.584375 0.957031 0.017188 0.037500
0 0.986328 0.535547 0.011719 0.025781
0 0.492969 0.789844 0.014063 0.029687
0 0.607031 0.056250 0.017188 0.037500
0 0.849609 0.855859 0.017969 0.038281
0 0.205078 0.798828 0.021094 0.046094
0 0.940625 0.373437 0.018750 0.040625
0 0.105859 0.944922 0.016406 0.035156
0 0.165625 0.395313 0.020313 0.043750
