0 0.918750 0.358984 0.020313 0.044531
0 0.208203 0.533594 0.013281 0.029687
0 0.911328 0.370703 0.014844 0.032031
0 0.959766 0.322656 0.013281 0.028125
0 0.743750 0.737500 0.012500 0.026562
0 0.893359 0.662109 0.014844 0.030469
0 0.524219 0.746875 0.015625 0.034375
0 0.087891 0.365625 0.017969 0.039062
0 0.556641 0.309375 0.016406 0.035937
0 0.905469 0.214844 0.017188 0.037500
0 0.226562 0.450000 0.015625 0.034375
0 0.351953 0.620703 0.011719 0.025781
0 0.959766 0.861719 0.019531 0.042188
0 0.646094 0.489844 0.017188 0.035937
0 0.277344 0.667969 0.018750 0.040625
0 0.501953 0.431641 0.011719 0.025781
0 0.323047 0.152344 0.014844 0.031250
0 0.492578 0.083984 0.014844 0.030469
