0 0.275391 0.066016 0.017969 0.039844
0 0.417187 0.842187 0.020313 0.043750
0 0.730469 0.433203 0.018750 0.039844
0 0.088672 0.123828 0.019531 0.042969
0 0.694922 0.777344 0.017969 0.039062
0 0.930859 0.487500 0.017969 0.039062
0 0.503516 0.626953 0.019531 0.042969
0 0.917188 0.250781 0.015625 0.034375
0 0.744141 0.385937 0.016406 0.035937
0 0.410547 0.029297 0.016406 0.035156
0 0.341016 0.125391 0.021094 0.046094
0 0.479687 0.285938 0.015625 0.034375
0 0.537109 0.373828 0.017969 0.036719
0 0.914062 0.381641 0.018750 0.041406
0 0.919922 0.837891 0.019531 0.039844
0 0.241406 0.865234 0.018750 0.038281
0 0.023438 0.966016 0.020313 0.042969
0 0.796484 0.019531 0.014844 0.032813
0 0.659375 0.203125 0.015625 0.034375
0 0.700781 0.471094 0.012500 0.026562
0 0.156641 0.250781 0.013281 0.029687
0 0.823047 0.458203 0.016406 0.035156
0 0.543359 0.223828 0.019531 0.041406
0 0.870313 0.532031 0.014063 0.031250
0 0.607812 0.296875 0.017188 0.035937
0 0.595313 0.097266 0.014063 0.030469
0 0.526563 0.227344 0.014063 0.029687
0 0.716016 0.397266 0.019531 0.041406
0 0.825781 0.835156 0.020313 0.042188
0 0.953125 0.694922 0.018750 0.038281
