0 0.817248 0.541607 0.005239 0.015674
0 0.284002 0.452978 0.003828 0.011684
0 0.769897 0.540610 0.004030 0.012539
0 0.806266 0.239242 0.003828 0.011684
0 0.104473 0.612425 0.005037 0.015389
0 0.843744 0.509832 0.005037 0.015389
0 0.387266 0.023938 0.004030 0.011969
0 0.563973 0.784412 0.004030 0.012254
0 0.670965 0.927900 0.004030 0.012539
0 0.750453 0.660160 0.003425 0.010544
0 0.610921 0.013394 0.004030 0.012539
0 0.279166 0.507410 0.004231 0.012824
0 0.978743 0.795811 0.005037 0.015674
0 0.980556 0.099886 0.005440 0.015674
0 0.193532 0.909661 0.004634 0.013679
