0 0.962109 0.220312 0.013281 0.028125
0 0.926172 0.872266 0.014844 0.030469
0 0.117969 0.037500 0.017188 0.037500
0 0.489844 0.954688 0.020313 0.043750
0 0.894141 0.830469 0.013281 0.029687
0 0.894531 0.257031 0.018750 0.040625
0 0.364453 0.934375 0.021094 0.045312
0 0.287500 0.970703 0.014063 0.030469
0 0.787500 0.014453 0.012500 0.025781
0 0.556641 0.655078 0.013281 0.027344
0 0.122656 0.649609 0.017188 0.036719
0 0.141797 0.604688 0.019531 0.042188
0 0.501563 0.696094 0.018750 0.040625
0 0.374609 0.810937 0.019531 0.042188
0 0.044531 0.189453 0.017188 0.036719
0 0.471484 0.178125 0.017969 0.039062
0 0.197266 0.513672 0.011719 0.025781
0 0.195703 0.685547 0.017969 0.038281
0 0.771875 0.599219 0.021875 0.046875
0 0.800781 0.429297 0.020313 0.044531
