0 0.353125 0.455859 0.018750 0.039844
0 0.244141 0.825781 0.017969 0.039062
0 0.814453 0.965234 0.017969 0.038281
0 0.541406 0.353125 0.017188 0.035937
0 0.958594 0.865625 0.012500 0.026562
0 0.881250 0.030078 0.020313 0.041406
0 0.201563 0.284375 0.014063 0.029687
0 0.682422 0.376953 0.017969 0.036719
0 0.876563 0.905078 0.018750 0.039844
0 0.122656 0.684375 0.015625 0.034375
0 0.625781 0.759375 0.017188 0.035937
0 0.453906 0.442578 0.021875 0.044531
0 0.795312 0.867578 0.015625 0.033594
0 0.549609 0.257422 0.014844 0.032031
0 0.636719 0.587109 0.014063 0.030469
0 0.555859 0.402734 0.014844 0.030469
0 0.672266 0.147266 0.016406 0.035156
0 0.325391 0.274219 0.014844 0.031250
0 0.833203 0.816797 0.014844 0.032031
0 0.514453 0.131641 0.014844 0.032031
0 0.809766 0.912500 0.014844 0.032813
0 0.294531 0.669922 0.020313 0.042969
0 0.831250 0.672656 0.012500 0.026562
0 0.608984 0.660156 0.017969 0.039062
