0 0.213672 0.620313 0.014844 0.031250
0 0.536328 0.662891 0.013281 0.028906
0 0.956641 0.878516 0.014844 0.032031
0 0.727734 0.031641 0.011719 0.025781
0 0.184375 0.340234 0.017188 0.036719
0 0.479297 0.951562 0.016406 0.035937
0 0.923828 0.942187 0.019531 0.042188
0 0.485547 0.580078 0.017969 0.038281
0 0.982031 0.562109 0.018750 0.041406
0 0.150781 0.496875 0.012500 0.026562
0 0.617188 0.534375 0.015625 0.034375
0 0.526172 0.577734 0.021094 0.046094
0 0.399609 0.287500 0.013281 0.028125
0 0.455078 0.020313 0.017969 0.039062
0 0.218750 0.828906 0.015625 0.034375
0 0.400391 0.134375 0.013281 0.029687
0 0.906250 0.034766 0.018750 0.039844
0 0.429297 0.516406 0.017969 0.039062
0 0.402734 0.198047 0.013281 0.028906
0 0.464844 0.687500 0.021875 0.046875
