0 0.348047 0.252734 0.019531 0.039844
0 0.391016 0.510938 0.016406 0.035937
0 0.446875 0.882031 0.014063 0.029687
0 0.965625 0.883203 0.020313 0.044531
0 0.756641 0.433203 0.017969 0.039844
0 0.785156 0.240234 0.018750 0.039844
0 0.629297 0.393750 0.021094 0.043750
0 0.740625 0.787891 0.017188 0.036719
0 0.621094 0.546094 0.018750 0.040625
0 0.677344 0.245312 0.021875 0.046875
0 0.056641 0.684375 0.011719 0.026562
0 0.701172 0.275391 0.017969 0.038281
0 0.432422 0.919922 0.019531 0.042969
0 0.554688 0.321094 0.014063 0.031250
