0 0.663574 0.020387 0.012695 0.038010
0 0.929688 0.357982 0.008789 0.027643
0 0.955322 0.292329 0.010254 0.031790
0 0.257080 0.689357 0.009277 0.028334
0 0.492188 0.863165 0.009766 0.029026
0 0.076660 0.119212 0.011719 0.033863
0 0.814209 0.274361 0.010254 0.031790
0 0.482666 0.202488 0.010254 0.031790
0 0.281250 0.540428 0.011719 0.035936
0 0.421631 0.139254 0.009277 0.028334
0 0.386230 0.464755 0.008789 0.026952
0 0.193848 0.505874 0.012695 0.038701
0 0.786133 0.580166 0.011719 0.036628
0 0.102539 0.247754 0.011719 0.035245
