0 0.528516 0.894531 0.016406 0.035937
0 0.467578 0.473438 0.019531 0.042188
0 0.828906 0.412500 0.018750 0.039062
0 0.485156 0.744531 0.017188 0.037500
0 0.862891 0.207031 0.016406 0.035937
0 0.367188 0.675000 0.020313 0.043750
0 0.012500 0.954297 0.018750 0.041406
0 0.473828 0.342187 0.014844 0.031250
0 0.415625 0.242188 0.021875 0.045312
0 0.749609 0.426563 0.017969 0.039062
0 0.026172 0.223438 0.019531 0.042188
0 0.242188 0.908984 0.017188 0.035156
0 0.179688 0.767969 0.014063 0.029687
0 0.251953 0.913672 0.011719 0.025781
0 0.866016 0.216797 0.021094 0.044531
0 0.894531 0.693359 0.014063 0.028906
0 0.860156 0.162109 0.020313 0.042969
0 0.965234 0.094141 0.011719 0.025781
0 0.557422 0.646484 0.013281 0.028906
0 0.634766 0.279687 0.021094 0.045312
0 0.962500 0.890234 0.014063 0.030469
0 0.014844 0.320312 0.012500 0.028125
0 0.989062 0.500781 0.012500 0.026562
0 0.494531 0.507031 0.014063 0.031250
0 0.633984 0.453906 0.013281 0.029687
0 0.720703 0.383203 0.019531 0.039844
0 0.271484 0.209766 0.014844 0.032031
