0 0.528906 0.373047 0.018750 0.039844
0 0.775000 0.451562 0.020313 0.043750
0 0.724219 0.401562 0.012500 0.028125
0 0.611719 0.173437 0.014063 0.029687
0 0.485547 0.808203 0.017969 0.038281
0 0.976562 0.974219 0.014063 0.031250
0 0.057031 0.783203 0.021875 0.047656
0 0.621875 0.360547 0.018750 0.039844
0 0.205469 0.436328 0.017188 0.036719
0 0.839063 0.334375 0.020313 0.043750
0 0.914062 0.680469 0.020313 0.043750
0 0.690625 0.770703 0.012500 0.027344
0 0.423828 0.628516 0.017969 0.038281
0 0.749219 0.628906 0.017188 0.035937
0 0.255078 0.841797 0.019531 0.042969
0 0.633594 0.193359 0.014063 0.028906
0 0.670703 0.821094 0.016406 0.035937
0 0.294922 0.590625 0.021094 0.045312
