0 0.921484 0.924609 0.021094 0.046094
0 0.442578 0.505859 0.019531 0.039844
0 0.506641 0.728125 0.017969 0.039062
0 0.962500 0.254297 0.020313 0.044531
0 0.348828 0.354297 0.019531 0.039844
0 0.456250 0.194922 0.015625 0.033594
0 0.777344 0.663281 0.018750 0.040625
0 0.469922 0.089063 0.019531 0.042188
0 0.180078 0.753906 0.013281 0.028125
0 0.727734 0.841406 0.017969 0.039062
0 0.353906 0.074609 0.015625 0.033594
0 0.726562 0.875391 0.012500 0.027344
0 0.700781 0.373047 0.015625 0.032031
0 0.951562 0.744922 0.017188 0.036719
0 0.412891 0.855859 0.011719 0.025781
0 0.654297 0.515234 0.019531 0.042969
0 0.257422 0.734375 0.019531 0.042188
0 0.486719 0.943359 0.014063 0.030469
0 0.876953 0.298828 0.013281 0.028906
0 0.860156 0.801172 0.018750 0.039844
0 0.029297 0.187891 0.016406 0.035156
0 0.842578 0.141406 0.014844 0.031250
0 0.943359 0.391016 0.017969 0.038281
