0 0.515234 0.323047 0.021094 0.042969
0 0.587891 0.774219 0.014844 0.029687
0 0.103906 0.980078 0.015625 0.033594
0 0.461328 0.971094 0.014844 0.031250
0 0.345313 0.361328 0.018750 0.041406
0 0.533594 0.933984 0.012500 0.027344
0 0.392188 0.414844 0.014063 0.031250
0 0.587500 0.046094 0.012500 0.026562
0 0.431641 0.328125 0.016406 0.034375
0 0.118359 0.557031 0.019531 0.042188
0 0.829297 0.100000 0.019531 0.042188
0 0.407031 0.094922 0.015625 0.033594
0 0.096484 0.938672 0.011719 0.025781
0 0.380859 0.215234 0.022656 0.046094
0 0.453516 0.825000 0.019531 0.042188
0 0.539844 0.599609 0.020313 0.042969
0 0.940625 0.474609 0.014063 0.030469
0 0.439453 0.330859 0.014844 0.032031
0 0.860156 0.114453 0.017188 0.036719
0 0.210938 0.602734 0.020313 0.044531
0 0.746094 0.783203 0.017188 0.036719
0 0.608203 0.816406 0.013281 0.028125
0 0.496484 0.901953 0.017969 0.038281
0 0.371875 0.874219 0.012500 0.026562
