0 0.708203 0.381250 0.013281 0.028125
0 0.795703 0.222656 0.019531 0.042188
0 0.027344 0.183203 0.018750 0.041406
0 0.526172 0.821484 0.021094 0.046094
0 0.716797 0.377344 0.014844 0.032813
0 0.910156 0.696875 0.012500 0.026562
0 0.706641 0.342578 0.011719 0.025781
0 0.462891 0.278516 0.014844 0.032031
0 0.964844 0.353516 0.020313 0.042969
0 0.798438 0.518359 0.021875 0.046094
0 0.216797 0.887891 0.016406 0.035156
0 0.532031 0.903516 0.018750 0.041406
0 0.742578 0.406641 0.016406 0.035156
0 0.454688 0.226172 0.020313 0.042969
0 0.282031 0.582031 0.014063 0.031250
0 0.271094 0.590234 0.017188 0.036719
0 0.360547 0.079297 0.017969 0.038281
0 0.268359 0.903906 0.019531 0.042188
0 0.017188 0.076953 0.014063 0.030469
0 0.234766 0.553516 0.014844 0.032031
0 0.608984 0.897266 0.016406 0.035156
0 0.940234 0.942969 0.013281 0.028125
