0 0.026562 0.314453 0.018750 0.039844
0 0.021094 0.193359 0.015625 0.033594
0 0.790625 0.817578 0.018750 0.041406
0 0.877734 0.567578 0.017969 0.039844
0 0.528516 0.959766 0.011719 0.025781
0 0.812500 0.217188 0.017188 0.035937
0 0.569531 0.642578 0.021875 0.046094
0 0.343750 0.233203 0.020313 0.042969
0 0.655469 0.516406 0.012500 0.026562
0 0.885156 0.159766 0.020313 0.044531
0 0.142969 0.587500 0.015625 0.032813
0 0.080469 0.798828 0.017188 0.038281
0 0.194531 0.242578 0.012500 0.027344
0 0.836719 0.555078 0.012500 0.027344
0 0.045312 0.258203 0.015625 0.033594
0 0.270703 0.090234 0.019531 0.041406
0 0.382422 0.838281 0.019531 0.042188
0 0.281250 0.342969 0.014063 0.031250
0 0.583203 0.407813 0.016406 0.035937
0 0.276953 0.308594 0.022656 0.046875
0 0.304688 0.907422 0.021875 0.047656
