0 0.539844 0.809375 0.020313 0.043750
0 0.977734 0.843359 0.019531 0.039844
0 0.861328 0.644141 0.014844 0.032031
0 0.540625 0.600781 0.021875 0.045312
0 0.421875 0.313281 0.012500 0.026562
0 0.768750 0.440625 0.015625 0.034375
0 0.910547 0.787109 0.013281 0.027344
0 0.918750 0.461328 0.012500 0.027344
0 0.420703 0.704688 0.019531 0.042188
0 0.797656 0.033594 0.014063 0.031250
0 0.575781 0.698047 0.018750 0.039844
0 0.935156 0.421094 0.020313 0.043750
0 0.782813 0.500781 0.017188 0.037500
0 0.108203 0.366406 0.019531 0.042188
0 0.897266 0.168359 0.013281 0.028906
0 0.698828 0.699609 0.016406 0.035156
0 0.898438 0.681641 0.014063 0.028906
0 0.976953 0.792578 0.017969 0.038281
0 0.946875 0.319922 0.017188 0.036719
0 0.402344 0.923047 0.014063 0.030469
0 0.057031 0.679688 0.021875 0.046875
