0 0.425391 0.953516 0.021094 0.046094
0 0.510938 0.455078 0.015625 0.033594
0 0.703125 0.621875 0.020313 0.043750
0 0.672656 0.147656 0.017188 0.037500
0 0.285156 0.283984 0.018750 0.039844
0 0.787109 0.426953 0.011719 0.025781
0 0.120703 0.886719 0.019531 0.042188
0 0.658984 0.628516 0.017969 0.039844
0 0.201172 0.114062 0.011719 0.025000
0 0.673047 0.085938 0.019531 0.042188
0 0.668359 0.662500 0.013281 0.029687
0 0.182812 0.316016 0.020313 0.042969
0 0.530859 0.981250 0.013281 0.028125
0 0.908594 0.184375 0.012500 0.026562
0 0.598828 0.430859 0.021094 0.046094
0 0.773828 0.262891 0.021094 0.046094
0 0.230078 0.821875 0.013281 0.029687
0 0.744531 0.064844 0.012500 0.026562
0 0.275391 0.361328 0.014844 0.032031
0 0.159375 0.971875 0.021875 0.046875
0 0.887891 0.603906 0.013281 0.028125
0 0.850000 0.485156 0.012500 0.026562
0 0.135937 0.335938 0.014063 0.031250
0 0.436328 0.017969 0.014844 0.032813
