0 0.387695 0.336558 0.009766 0.029026
0 0.934326 0.071873 0.012207 0.037319
0 0.595703 0.052177 0.009766 0.028334
0 0.130371 0.976503 0.011719 0.035936
0 0.367432 0.286109 0.012207 0.037319
0 0.833008 0.811679 0.011719 0.036628
0 0.367676 0.239115 0.009766 0.029026
0 0.035889 0.597097 0.010254 0.031790
0 0.369385 0.209744 0.009277 0.026952
0 0.253418 0.698687 0.009766 0.030408
0 0.775879 0.868003 0.010742 0.033172
0 0.636719 0.933310 0.010742 0.032481
0 0.938721 0.427782 0.011230 0.034554
0 0.113770 0.671735 0.011719 0.035936
0 0.256836 0.826538 0.008789 0.026261
