0 0.718750 0.304297 0.012500 0.027344
0 0.889062 0.966797 0.018750 0.038281
0 0.669141 0.268750 0.016406 0.035937
0 0.855078 0.975391 0.019531 0.042969
0 0.444531 0.300391 0.015625 0.032031
0 0.859375 0.120703 0.015625 0.033594
0 0.453906 0.580078 0.017188 0.036719
0 0.154297 0.525391 0.019531 0.041406
0 0.403906 0.354687 0.020313 0.042188
0 0.539062 0.223438 0.012500 0.028125
0 0.147656 0.412109 0.020313 0.044531
0 0.737500 0.695703 0.018750 0.039844
0 0.514062 0.308594 0.018750 0.040625
0 0.985156 0.821094 0.014063 0.031250
0 0.292578 0.274609 0.017969 0.038281
0 0.232813 0.754297 0.014063 0.030469
0 0.983203 0.248438 0.019531 0.042188
0 0.411328 0.264453 0.019531 0.042969
