0 0.160991 0.085494 0.003627 0.011399
0 0.715394 0.410516 0.003828 0.011684
0 0.907213 0.900826 0.005037 0.015389
0 0.972597 0.431747 0.004030 0.012539
0 0.015313 0.526076 0.003627 0.010829
0 0.344046 0.358792 0.003828 0.011399
0 0.271207 0.290681 0.005239 0.015959
0 0.967560 0.685095 0.004836 0.014819
0 0.806065 0.038045 0.004634 0.013964
0 0.262039 0.462097 0.003425 0.010544
0 0.284102 0.513822 0.004836 0.014249
0 0.556216 0.599174 0.005037 0.015104
0 0.361576 0.451981 0.003425 0.010829
0 0.441971 0.434882 0.005037 0.015389
0 0.891699 0.693645 0.004231 0.013109
