0 0.737109 0.203906 0.021094 0.045312
0 0.446484 0.300391 0.011719 0.025781
0 0.507812 0.801172 0.021875 0.044531
0 0.257812 0.825781 0.018750 0.040625
0 0.813281 0.945312 0.020313 0.043750
0 0.376953 0.565625 0.013281 0.028125
0 0.710156 0.263281 0.018750 0.039062
0 0.799219 0.728906 0.012500 0.026562
0 0.950391 0.592187 0.014844 0.032813
0 0.953516 0.062891 0.021094 0.046094
0 0.062500 0.968750 0.021875 0.046875
0 0.800391 0.119922 0.016406 0.035156
0 0.683984 0.278906 0.017969 0.039062
0 0.457422 0.669922 0.011719 0.025781
0 0.700391 0.617188 0.021094 0.045312
0 0.758984 0.627344 0.016406 0.035937
0 0.248828 0.395703 0.016406 0.035156
0 0.530078 0.485547 0.019531 0.041406
0 0.973437 0.182031 0.015625 0.034375
0 0.765625 0.895312 0.021875 0.046875
0 0.878516 0.229297 0.016406 0.035156
0 0.101953 0.545703 0.014844 0.030469
0 0.213281 0.685937 0.021875 0.046875
0 0.822656 0.451953 0.018750 0.041406
0 0.895312 0.248438 0.015625 0.034375
0 0.686719 0.202734 0.014063 0.028906
0 0.216406 0.292969 0.014063 0.029687
0 0.786328 0.694922 0.021094 0.046094
0 0.584766 0.118750 0.017969 0.039062
0 0.700000 0.655859 0.020313 0.044531
