0 0.846484 0.914062 0.021094 0.045312
0 0.095703 0.062500 0.013281 0.029687
0 0.868359 0.127344 0.016406 0.034375
0 0.520312 0.624609 0.014063 0.030469
0 0.094141 0.450781 0.017969 0.039062
0 0.217188 0.932031 0.020313 0.043750
0 0.450391 0.482031 0.014844 0.032813
0 0.412500 0.447266 0.012500 0.027344
0 0.044922 0.960547 0.021094 0.046094
0 0.616406 0.095703 0.015625 0.033594
0 0.621094 0.085938 0.012500 0.026562
0 0.928516 0.534375 0.019531 0.040625
0 0.320703 0.318750 0.014844 0.032813
0 0.320312 0.448828 0.015625 0.033594
0 0.261719 0.806250 0.017188 0.037500
0 0.203516 0.865234 0.022656 0.046094
0 0.855078 0.693359 0.019531 0.041406
0 0.075391 0.954688 0.021094 0.045312
0 0.037500 0.536328 0.020313 0.041406
0 0.055859 0.303516 0.013281 0.028906
0 0.158594 0.472656 0.020313 0.042188
