0 0.495312 0.696094 0.015625 0.032813
0 0.008984 0.692969 0.016406 0.034375
0 0.447266 0.630469 0.013281 0.029687
0 0.900391 0.126172 0.013281 0.027344
0 0.437500 0.166797 0.015625 0.033594
0 0.469922 0.888281 0.017969 0.037500
0 0.445312 0.477344 0.021875 0.046875
0 0.382031 0.471875 0.018750 0.040625
0 0.556250 0.098437 0.014063 0.031250
0 0.627344 0.047656 0.014063 0.028125
0 0.691016 0.892969 0.016406 0.035937
0 0.136719 0.508594 0.021875 0.045312
0 0.786719 0.848047 0.012500 0.027344
0 0.796094 0.347266 0.020313 0.042969
0 0.030078 0.695312 0.013281 0.028125
0 0.050781 0.538672 0.017188 0.036719
0 0.223438 0.226562 0.014063 0.029687
0 0.158203 0.933203 0.016406 0.033594
