0 0.528007 0.673981 0.003828 0.011969
0 0.712674 0.389855 0.005239 0.015389
0 0.402680 0.576518 0.003828 0.011399
0 0.746524 0.640353 0.003627 0.011399
0 0.967157 0.208179 0.004030 0.012254
0 0.423736 0.938017 0.004433 0.013394
0 0.751763 0.624822 0.004433 0.013394
0 0.906609 0.910943 0.003828 0.011684
0 0.577171 0.620547 0.004231 0.012824
0 0.350494 0.366629 0.004231 0.012254
0 0.383941 0.584497 0.005037 0.015389
0 0.895527 0.570533 0.005037 0.015389
0 0.452851 0.837418 0.003828 0.011114
0 0.132682 0.585067 0.003828 0.011399
