0 0.733984 0.603125 0.016406 0.035937
0 0.533984 0.766016 0.016406 0.033594
0 0.918359 0.426172 0.022656 0.046094
0 0.675781 0.714063 0.014063 0.029687
0 0.121875 0.218359 0.015625 0.033594
0 0.650781 0.559766 0.017188 0.036719
0 0.449219 0.566016 0.018750 0.039844
0 0.840234 0.365625 0.014844 0.031250
0 0.219531 0.069922 0.017188 0.036719
0 0.685547 0.577344 0.021094 0.045312
0 0.338672 0.788672 0.019531 0.042969
0 0.371484 0.111719 0.014844 0.032813
0 0.935156 0.775781 0.014063 0.031250
0 0.869531 0.595313 0.018750 0.040625
0 0.427734 0.425391 0.017969 0.039844
0 0.801562 0.954688 0.021875 0.046875
0 0.175000 0.062109 0.018750 0.039844
0 0.446094 0.193359 0.020313 0.044531
0 0.370312 0.738672 0.014063 0.030469
0 0.360156 0.812891 0.014063 0.030469
0 0.913672 0.191797 0.011719 0.025781
