0 0.881250 0.880469 0.018750 0.040625
0 0.060547 0.814063 0.013281 0.029687
0 0.216016 0.334766 0.019531 0.042969
0 0.411719 0.687109 0.012500 0.025781
0 0.887109 0.776953 0.014844 0.032031
0 0.623437 0.183203 0.012500 0.027344
0 0.625781 0.524219 0.018750 0.040625
0 0.011719 0.058984 0.014063 0.030469
0 0.491406 0.158984 0.020313 0.041406
0 0.304688 0.454297 0.015625 0.033594
0 0.758594 0.064844 0.018750 0.040625
0 0.411328 0.574609 0.021094 0.044531
0 0.180859 0.182031 0.021094 0.045312
0 0.517969 0.404297 0.015625 0.032031
0 0.395313 0.814063 0.015625 0.034375
0 0.986719 0.242969 0.018750 0.040625
0 0.225781 0.840625 0.018750 0.040625
0 0.312891 0.351562 0.017969 0.037500
0 0.187109 0.792578 0.013281 0.028906
0 0.760156 0.649219 0.018750 0.040625
0 0.411719 0.378516 0.015625 0.033594
0 0.284766 0.358594 0.016406 0.035937
0 0.659766 0.883594 0.019531 0.042188
