0 0.449325 0.418353 0.004030 0.012539
0 0.413661 0.592334 0.005239 0.015104
0 0.902579 0.954260 0.005037 0.015104
0 0.162301 0.669564 0.004231 0.012254
0 0.577977 0.502850 0.005440 0.015674
0 0.986097 0.948846 0.004433 0.013394
0 0.507757 0.939584 0.003627 0.010829
0 0.541608 0.087632 0.004433 0.013394
0 0.279770 0.478341 0.005037 0.015104
0 0.657767 0.606298 0.005037 0.015104
0 0.742797 0.076518 0.004634 0.013964
0 0.241286 0.739527 0.005037 0.015389
0 0.838404 0.942291 0.004030 0.012254
0 0.723957 0.439869 0.004433 0.013394
0 0.392706 0.770020 0.003627 0.010829
