0 0.828125 0.754687 0.017188 0.037500
0 0.200781 0.192188 0.021875 0.045312
0 0.043750 0.872266 0.020313 0.044531
0 0.903125 0.242969 0.015625 0.032813
0 0.560156 0.608984 0.017188 0.036719
0 0.461328 0.881641 0.019531 0.041406
0 0.097266 0.559766 0.017969 0.038281
0 0.589063 0.437891 0.017188 0.038281
0 0.452344 0.580859 0.015625 0.032031
0 0.091016 0.720313 0.013281 0.028125
0 0.949219 0.530469 0.021875 0.045312
0 0.864844 0.287109 0.018750 0.039844
0 0.535937 0.229297 0.020313 0.044531
0 0.022266 0.543750 0.021094 0.045312
0 0.810547 0.772656 0.011719 0.026562
0 0.772266 0.027734 0.013281 0.028906
0 0.094922 0.752734 0.011719 0.025781
0 0.757422 0.336328 0.019531 0.041406
0 0.769531 0.242969 0.020313 0.043750
0 0.807813 0.807422 0.018750 0.041406
0 0.070312 0.141797 0.012500 0.027344
0 0.232422 0.346484 0.013281 0.028906
0 0.424609 0.252734 0.019531 0.041406
0 0.703125 0.535547 0.018750 0.039844
0 0.915234 0.760547 0.014844 0.032031
0 0.918750 0.257422 0.018750 0.041406
0 0.429688 0.467969 0.018750 0.040625
