0 0.280859 0.555469 0.011719 0.026562
0 0.755078 0.308984 0.011719 0.025781
0 0.847266 0.191797 0.014844 0.030469
0 0.761328 0.027734 0.011719 0.025781
0 0.784375 0.357422 0.020313 0.042969
0 0.805859 0.448047 0.014844 0.030469
0 0.758984 0.315625 0.014844 0.032813
0 0.286719 0.240625 0.018750 0.040625
0 0.748828 0.504297 0.021094 0.044531
0 0.550781 0.039453 0.014063 0.030469
0 0.137500 0.798438 0.014063 0.031250
0 0.712500 0.784766 0.014063 0.030469
0 0.919922 0.379297 0.011719 0.025781
0 0.530859 0.223828 0.013281 0.028906
0 0.592187 0.162109 0.014063 0.030469
0 0.549219 0.721875 0.018750 0.040625
0 0.576953 0.911328 0.016406 0.035156
0 0.023828 0.904687 0.019531 0.042188
0 0.306250 0.470313 0.015625 0.034375
0 0.856641 0.368359 0.014844 0.032031
0 0.232422 0.694531 0.019531 0.042188
0 0.597656 0.743359 0.017188 0.038281
0 0.901563 0.706641 0.020313 0.041406
0 0.147266 0.908984 0.016406 0.035156
0 0.578516 0.375781 0.017969 0.039062
0 0.980469 0.064453 0.021875 0.044531
0 0.857812 0.248828 0.017188 0.036719
0 0.885547 0.519141 0.017969 0.039844
