0 0.759375 0.930859 0.020313 0.044531
0 0.743359 0.560547 0.016406 0.035156
0 0.841797 0.129297 0.014844 0.030469
0 0.358594 0.836328 0.021875 0.044531
0 0.599609 0.632031 0.014844 0.032813
0 0.437109 0.143750 0.019531 0.042188
0 0.980469 0.132812 0.021875 0.046875
0 0.385156 0.353125 0.015625 0.034375
0 0.466797 0.194531 0.019531 0.042188
0 0.691797 0.814063 0.013281 0.029687
0 0.901563 0.578125 0.012500 0.026562
0 0.680859 0.611328 0.016406 0.035156
0 0.080859 0.147656 0.016406 0.035937
0 0.217578 0.519922 0.014844 0.032031
0 0.980859 0.921094 0.016406 0.035937
0 0.292969 0.126953 0.018750 0.041406
0 0.527344 0.065625 0.018750 0.040625
