0 0.082812 0.750781 0.014063 0.031250
0 0.180078 0.744922 0.017969 0.038281
0 0.108594 0.833984 0.015625 0.033594
0 0.508984 0.111328 0.014844 0.032031
0 0.489453 0.731641 0.019531 0.042969
0 0.640625 0.153906 0.021875 0.046875
0 0.967969 0.206250 0.020313 0.043750
0 0.646875 0.709766 0.021875 0.044531
0 0.876953 0.171484 0.022656 0.046094
0 0.766406 0.493750 0.012500 0.026562
0 0.671094 0.391406 0.018750 0.040625
0 0.942578 0.454297 0.016406 0.035156
0 0.304688 0.963672 0.018750 0.039844
0 0.673828 0.737109 0.019531 0.042969
0 0.907422 0.032813 0.014844 0.032813
