0 0.700391 0.450781 0.019531 0.042188
0 0.260156 0.633203 0.014063 0.030469
0 0.898047 0.706250 0.022656 0.046875
0 0.867578 0.517188 0.017969 0.037500
0 0.058984 0.091016 0.014844 0.032031
0 0.903906 0.698047 0.014063 0.030469
0 0.187891 0.648047 0.021094 0.046094
0 0.665234 0.828906 0.011719 0.026562
0 0.868750 0.285156 0.012500 0.026562
0 0.331641 0.315625 0.016406 0.035937
0 0.492969 0.263672 0.014063 0.030469
0 0.210938 0.235156 0.014063 0.029687
0 0.505859 0.887109 0.017969 0.038281
0 0.857422 0.884375 0.017969 0.039062
0 0.179297 0.376172 0.021094 0.042969
0 0.445312 0.074219 0.020313 0.043750
0 0.432031 0.684375 0.021875 0.046875
0 0.064844 0.270313 0.014063 0.029687
0 0.589453 0.239453 0.014844 0.032031
0 0.969141 0.700000 0.016406 0.035937
0 0.748437 0.312109 0.012500 0.027344
0 0.764453 0.424219 0.014844 0.032813
0 0.244922 0.395703 0.019531 0.042969
