0 0.178125 0.191016 0.021875 0.046094
0 0.514062 0.635547 0.020313 0.041406
0 0.992578 0.079687 0.014844 0.032813
0 0.644141 0.487109 0.014844 0.032031
0 0.379688 0.914844 0.014063 0.029687
0 0.183984 0.177734 0.014844 0.032031
0 0.792188 0.657813 0.017188 0.037500
0 0.964844 0.381641 0.012500 0.027344
0 0.804297 0.112109 0.014844 0.032031
0 0.025000 0.731641 0.020313 0.042969
0 0.243750 0.721094 0.020313 0.043750
0 0.966406 0.514062 0.018750 0.040625
0 0.979297 0.485938 0.013281 0.029687
0 0.588672 0.571875 0.013281 0.028125
0 0.761328 0.667578 0.016406 0.035156
0 0.179297 0.225391 0.021094 0.046094
0 0.455859 0.732031 0.019531 0.042188
0 0.583594 0.840625 0.020313 0.042188
0 0.215234 0.190234 0.016406 0.035156
0 0.381250 0.321484 0.020313 0.041406
0 0.251172 0.772656 0.014844 0.032813
0 0.486328 0.403516 0.021094 0.046094
0 0.636719 0.170313 0.020313 0.043750
0 0.370312 0.179688 0.012500 0.028125
0 0.771484 0.181641 0.019531 0.042969
0 0.315625 0.640234 0.015625 0.033594
0 0.506641 0.260156 0.014844 0.032813
0 0.765234 0.230859 0.021094 0.046094
0 0.649609 0.125000 0.016406 0.035937
