0 0.427734 0.121875 0.017969 0.037500
0 0.181250 0.323047 0.020313 0.042969
0 0.409375 0.576953 0.015625 0.033594
0 0.213672 0.341406 0.016406 0.035937
0 0.696484 0.754687 0.013281 0.028125
0 0.579688 0.200000 0.017188 0.037500
0 0.604297 0.244141 0.019531 0.041406
0 0.138672 0.869531 0.014844 0.032813
0 0.841797 0.121484 0.014844 0.032031
0 0.757031 0.888281 0.012500 0.026562
0 0.368750 0.489063 0.018750 0.040625
0 0.622266 0.263672 0.016406 0.033594
0 0.747656 0.868750 0.015625 0.034375
0 0.909375 0.551953 0.014063 0.030469
0 0.543359 0.425391 0.019531 0.041406
0 0.799609 0.348438 0.019531 0.042188
0 0.623437 0.675000 0.017188 0.037500
