0 0.582812 0.917188 0.015625 0.032813
0 0.158203 0.855859 0.021094 0.046094
0 0.375781 0.325000 0.021875 0.046875
0 0.721875 0.160938 0.015625 0.034375
0 0.819141 0.646094 0.014844 0.032813
0 0.802734 0.737109 0.019531 0.042969
0 0.192969 0.074609 0.020313 0.044531
0 0.403516 0.278516 0.016406 0.035156
0 0.657813 0.935547 0.018750 0.041406
0 0.666406 0.823828 0.015625 0.033594
0 0.887109 0.128516 0.014844 0.032031
0 0.663281 0.053516 0.015625 0.033594
0 0.767969 0.751953 0.021875 0.047656
0 0.639844 0.320312 0.021875 0.046875
0 0.391406 0.269531 0.012500 0.026562
0 0.547266 0.510547 0.021094 0.042969
0 0.133594 0.199609 0.012500 0.027344
0 0.513672 0.519141 0.019531 0.041406
0 0.668359 0.890625 0.013281 0.028125
0 0.796484 0.594531 0.016406 0.035937
0 0.066406 0.664453 0.015625 0.033594
0 0.391016 0.410156 0.016406 0.035937
0 0.672266 0.746094 0.016406 0.034375
0 0.873828 0.627734 0.016406 0.035156
0 0.023438 0.910937 0.017188 0.037500
0 0.604688 0.472266 0.017188 0.036719
0 0.296484 0.489063 0.016406 0.035937
0 0.622266 0.736328 0.019531 0.041406
0 0.714063 0.585547 0.014063 0.030469
0 0.697656 0.177734 0.012500 0.027344
