0 0.885254 0.739461 0.011719 0.035936
0 0.597168 0.307533 0.009766 0.029026
0 0.759277 0.558397 0.009766 0.030408
0 0.663330 0.188321 0.010254 0.031099
0 0.162109 0.446095 0.008789 0.026952
0 0.943848 0.830339 0.011719 0.035245
0 0.010742 0.699378 0.008789 0.026261
0 0.937744 0.746372 0.009277 0.029026
0 0.055908 0.342778 0.012207 0.037319
0 0.803223 0.612992 0.011719 0.034554
0 0.310303 0.642709 0.011230 0.034554
0 0.964844 0.756738 0.009766 0.030408
0 0.383301 0.793020 0.011719 0.035245
0 0.136230 0.858328 0.010742 0.033172
0 0.033691 0.241189 0.009766 0.030408
