0 0.396094 0.184375 0.018750 0.040625
0 0.853516 0.432812 0.014844 0.032813
0 0.472656 0.207813 0.015625 0.031250
0 0.114062 0.302734 0.018750 0.041406
0 0.216016 0.892188 0.017969 0.039062
0 0.860938 0.623437 0.014063 0.031250
0 0.917969 0.913281 0.012500 0.028125
0 0.057422 0.286719 0.016406 0.035937
0 0.862109 0.571875 0.016406 0.035937
0 0.318359 0.227734 0.011719 0.025781
0 0.674219 0.392969 0.020313 0.043750
0 0.936328 0.389453 0.016406 0.035156
0 0.401562 0.885938 0.014063 0.031250
0 0.784766 0.137500 0.021094 0.045312
0 0.923438 0.085156 0.021875 0.046875
0 0.188281 0.281250 0.017188 0.037500
0 0.713672 0.783594 0.019531 0.042188
0 0.867969 0.397266 0.012500 0.025781
0 0.380469 0.331641 0.014063 0.030469
0 0.068750 0.386328 0.017188 0.036719
0 0.451953 0.179297 0.013281 0.028906
