0 0.023373 0.053149 0.003627 0.011114
0 0.687185 0.835851 0.005037 0.015389
0 0.978743 0.315617 0.004634 0.013394
0 0.293774 0.270732 0.004030 0.011969
0 0.538989 0.033913 0.003627 0.010829
0 0.072839 0.238672 0.005037 0.014534
0 0.156458 0.400114 0.004231 0.013109
0 0.742897 0.895839 0.004836 0.014534
0 0.381120 0.988031 0.003425 0.010829
0 0.322990 0.808635 0.004030 0.012254
0 0.817248 0.285409 0.005239 0.015674
0 0.450332 0.416215 0.005239 0.015674
0 0.483881 0.951411 0.003828 0.011684
0 0.039593 0.509262 0.004634 0.014249
0 0.614447 0.423197 0.003828 0.011399
