0 0.105957 0.176227 0.012695 0.037319
0 0.980225 0.049758 0.012207 0.035936
0 0.531250 0.081894 0.008789 0.026952
0 0.258789 0.550795 0.011719 0.035936
0 0.680908 0.621631 0.012207 0.036628
0 0.163086 0.659295 0.011719 0.034554
0 0.911133 0.606082 0.008789 0.027643
0 0.986084 0.423981 0.012207 0.036628
0 0.083984 0.276434 0.010742 0.033172
0 0.731934 0.063925 0.011719 0.035245
0 0.967773 0.542847 0.010742 0.031099
0 0.234619 0.592951 0.008301 0.026261
0 0.909668 0.026607 0.011719 0.036628
0 0.594971 0.596752 0.010254 0.031099
