0 0.563167 0.372328 0.005239 0.015674
0 0.712875 0.079082 0.004433 0.013394
0 0.683256 0.491593 0.003627 0.010829
0 0.741185 0.515816 0.005037 0.015389
0 0.516019 0.845825 0.003627 0.010829
0 0.797502 0.388002 0.004836 0.014534
0 0.855833 0.383870 0.004634 0.014249
0 0.388878 0.463237 0.004030 0.012254
0 0.462321 0.550157 0.005037 0.015674
0 0.207334 0.962525 0.004433 0.013394
0 0.334374 0.130806 0.004231 0.013109
0 0.970381 0.112140 0.004836 0.015104
0 0.417389 0.093901 0.003828 0.011114
0 0.753778 0.284839 0.004433 0.012824
