0 0.557031 0.342969 0.021875 0.046875
0 0.179297 0.425391 0.021094 0.046094
0 0.706250 0.474609 0.021875 0.044531
0 0.746875 0.892188 0.015625 0.034375
0 0.154688 0.173437 0.018750 0.040625
0 0.975000 0.086328 0.018750 0.039844
0 0.371484 0.684375 0.017969 0.039062
0 0.448047 0.607812 0.014844 0.031250
0 0.016406 0.799219 0.021875 0.046875
0 0.251563 0.810547 0.021875 0.044531
0 0.036719 0.089844 0.020313 0.043750
0 0.015234 0.163281 0.021094 0.043750
0 0.400781 0.280859 0.017188 0.036719
0 0.322266 0.779297 0.017969 0.038281
0 0.830078 0.705078 0.017969 0.038281
0 0.610156 0.131250 0.021875 0.045312
0 0.542578 0.288672 0.019531 0.042969
