0 0.871875 0.707031 0.018750 0.039062
0 0.750000 0.719922 0.021875 0.047656
0 0.771484 0.078125 0.014844 0.031250
0 0.473047 0.176953 0.021094 0.044531
0 0.186719 0.376563 0.012500 0.026562
0 0.876172 0.370312 0.021094 0.045312
0 0.687500 0.380859 0.017188 0.036719
0 0.091797 0.044531 0.013281 0.028125
0 0.374219 0.655469 0.015625 0.034375
0 0.770703 0.399609 0.013281 0.028906
0 0.921484 0.348828 0.017969 0.039844
0 0.266016 0.691016 0.017969 0.039844
0 0.247266 0.594922 0.011719 0.025781
0 0.165234 0.404297 0.016406 0.033594
0 0.606250 0.468750 0.020313 0.043750
0 0.377734 0.808594 0.014844 0.029687
0 0.923828 0.480469 0.017969 0.039062
0 0.625000 0.496484 0.015625 0.033594
0 0.590234 0.194141 0.011719 0.025781
0 0.387109 0.730859 0.019531 0.041406
0 0.603516 0.120703 0.013281 0.028906
0 0.164062 0.281250 0.014063 0.029687
0 0.311719 0.975781 0.015625 0.032813
