0 0.108594 0.913281 0.012500 0.026562
0 0.085547 0.671094 0.019531 0.042188
0 0.174609 0.148828 0.014844 0.032031
0 0.549219 0.391406 0.021875 0.046875
0 0.371484 0.591016 0.014844 0.032031
0 0.319141 0.384375 0.019531 0.042188
0 0.432422 0.367969 0.021094 0.045312
0 0.673438 0.109375 0.014063 0.029687
0 0.515625 0.442188 0.012500 0.028125
0 0.109375 0.171875 0.014063 0.029687
0 0.342578 0.902734 0.019531 0.041406
0 0.457422 0.125391 0.014844 0.032031
0 0.253906 0.308594 0.017188 0.037500
0 0.214062 0.825781 0.021875 0.046875
0 0.333984 0.441016 0.013281 0.028906
0 0.775000 0.637891 0.017188 0.035156
0 0.554688 0.922656 0.017188 0.037500
0 0.273438 0.845703 0.012500 0.027344
0 0.671094 0.499219 0.012500 0.026562
0 0.627344 0.275000 0.015625 0.034375
