0 0.505078 0.872266 0.011719 0.025781
0 0.517188 0.787109 0.014063 0.030469
0 0.932031 0.044922 0.017188 0.036719
0 0.641797 0.142187 0.019531 0.042188
0 0.371094 0.654687 0.018750 0.040625
0 0.958594 0.487891 0.020313 0.042969
0 0.089453 0.500000 0.014844 0.032813
0 0.032813 0.905859 0.020313 0.042969
0 0.927734 0.823828 0.013281 0.028906
0 0.610938 0.043359 0.018750 0.039844
0 0.605469 0.523047 0.014063 0.030469
0 0.576562 0.901172 0.020313 0.041406
0 0.039844 0.832422 0.015625 0.032031
0 0.694531 0.473828 0.020313 0.044531
0 0.128125 0.404297 0.012500 0.027344
