0 0.587500 0.785156 0.015625 0.034375
0 0.181250 0.860938 0.015625 0.032813
0 0.135547 0.696484 0.016406 0.033594
0 0.171875 0.082422 0.015625 0.032031
0 0.291797 0.056250 0.013281 0.029687
0 0.896094 0.502344 0.018750 0.040625
0 0.628125 0.328516 0.014063 0.030469
0 0.981641 0.750781 0.016406 0.035937
0 0.251953 0.635156 0.017969 0.037500
0 0.024609 0.100391 0.021094 0.046094
0 0.291406 0.900391 0.015625 0.033594
0 0.382812 0.845703 0.020313 0.044531
0 0.319922 0.656641 0.013281 0.028906
0 0.456250 0.623047 0.021875 0.046094
0 0.847656 0.032813 0.012500 0.026562
0 0.938281 0.638672 0.012500 0.027344
0 0.853906 0.619141 0.014063 0.030469
0 0.033984 0.707422 0.016406 0.035156
0 0.617969 0.506250 0.018750 0.040625
