0 0.684766 0.791016 0.017969 0.038281
0 0.490234 0.650391 0.017969 0.038281
0 0.456641 0.679688 0.017969 0.039062
0 0.260547 0.904297 0.017969 0.038281
0 0.116797 0.469922 0.016406 0.035156
0 0.121094 0.122656 0.015625 0.034375
0 0.888672 0.476172 0.021094 0.044531
0 0.488281 0.032031 0.012500 0.026562
0 0.186328 0.830078 0.021094 0.044531
0 0.591797 0.953125 0.016406 0.035937
0 0.569141 0.915234 0.013281 0.028906
0 0.585156 0.356641 0.017188 0.036719
0 0.524609 0.366016 0.014844 0.032031
0 0.721484 0.498828 0.019531 0.041406
0 0.993359 0.815234 0.013281 0.028906
0 0.150000 0.812109 0.020313 0.042969
0 0.380469 0.682813 0.020313 0.043750
0 0.164062 0.544531 0.017188 0.035937
0 0.714844 0.731641 0.020313 0.042969
0 0.531641 0.422266 0.021094 0.044531
0 0.100391 0.174609 0.014844 0.030469
0 0.461328 0.387500 0.016406 0.035937
0 0.334766 0.799219 0.021094 0.045312
0 0.880859 0.458594 0.013281 0.028125
0 0.914062 0.680078 0.014063 0.030469
