0 0.340625 0.500391 0.017188 0.036719
0 0.260937 0.451953 0.012500 0.027344
0 0.090234 0.057813 0.019531 0.042188
0 0.470703 0.496094 0.014844 0.031250
0 0.944531 0.808594 0.015625 0.034375
0 0.375000 0.220312 0.017188 0.037500
0 0.850781 0.071484 0.018750 0.039844
0 0.744922 0.821875 0.016406 0.034375
0 0.592187 0.855078 0.017188 0.036719
0 0.083984 0.598047 0.013281 0.027344
0 0.711719 0.151562 0.015625 0.031250
0 0.326562 0.461719 0.012500 0.026562
0 0.323047 0.960547 0.019531 0.042969
0 0.412500 0.897656 0.017188 0.037500
0 0.300781 0.374219 0.020313 0.043750
0 0.621094 0.407031 0.017188 0.037500
0 0.047656 0.888672 0.018750 0.039844
0 0.274609 0.410938 0.014844 0.032813
0 0.931250 0.511719 0.012500 0.026562
0 0.600000 0.720703 0.014063 0.030469
0 0.017578 0.864062 0.019531 0.042188
0 0.476172 0.670703 0.021094 0.046094
0 0.396484 0.300000 0.013281 0.029687
0 0.324219 0.283594 0.012500 0.028125
0 0.817578 0.215234 0.014844 0.032031
0 0.196484 0.703516 0.016406 0.035156
