0 0.802344 0.207813 0.021875 0.046875
0 0.705859 0.773828 0.019531 0.042969
0 0.883203 0.819141 0.019531 0.041406
0 0.755859 0.386719 0.019531 0.040625
0 0.282813 0.221484 0.015625 0.033594
0 0.931641 0.786328 0.013281 0.028906
0 0.885156 0.501172 0.018750 0.039844
0 0.342969 0.106641 0.015625 0.033594
0 0.098047 0.968359 0.016406 0.035156
0 0.973828 0.183203 0.011719 0.025781
0 0.658984 0.064062 0.013281 0.028125
0 0.210156 0.945703 0.017188 0.035156
0 0.226562 0.585547 0.017188 0.036719
0 0.730078 0.716797 0.021094 0.044531
0 0.661719 0.028906 0.015625 0.032813
0 0.485547 0.957812 0.019531 0.042188
0 0.578516 0.783984 0.017969 0.038281
0 0.347266 0.078125 0.022656 0.046875
0 0.159375 0.341797 0.018750 0.041406
0 0.845313 0.151562 0.015625 0.032813
0 0.383203 0.773438 0.016406 0.035937
0 0.725000 0.257031 0.015625 0.034375
0 0.456250 0.775781 0.015625 0.034375
0 0.930859 0.598437 0.013281 0.028125
0 0.334375 0.958594 0.021875 0.046875
0 0.475781 0.137109 0.012500 0.025781
0 0.692187 0.466016 0.015625 0.033594
0 0.531250 0.119531 0.018750 0.040625
0 0.864453 0.335547 0.011719 0.025781
0 0.744922 0.871094 0.017969 0.039062
