0 0.912842 0.442640 0.012207 0.038010
0 0.247559 0.866275 0.010742 0.032481
0 0.890381 0.309952 0.009277 0.028334
0 0.974609 0.769178 0.011719 0.035936
0 0.485352 0.883207 0.009766 0.030408
0 0.196045 0.570491 0.011230 0.033863
0 0.881348 0.136144 0.008789 0.027643
0 0.320557 0.182446 0.009277 0.029026
0 0.564209 0.670007 0.011230 0.033863
0 0.475586 0.813407 0.008789 0.026261
0 0.916016 0.773670 0.010742 0.032481
0 0.257568 0.889426 0.010254 0.031790
0 0.964355 0.604699 0.009766 0.029026
0 0.747314 0.611956 0.009277 0.026952
0 0.954834 0.163096 0.009277 0.027643
