0 0.942578 0.492969 0.013281 0.028125
0 0.336719 0.237500 0.018750 0.040625
0 0.337891 0.425781 0.019531 0.042188
0 0.479687 0.127344 0.015625 0.034375
0 0.857031 0.564844 0.018750 0.040625
0 0.788672 0.480859 0.019531 0.041406
0 0.056250 0.565234 0.018750 0.039844
0 0.826953 0.687891 0.017969 0.038281
0 0.436328 0.751953 0.013281 0.028906
0 0.662109 0.539453 0.017969 0.038281
0 0.543359 0.393750 0.014844 0.031250
0 0.095312 0.330078 0.017188 0.036719
0 0.864062 0.402734 0.012500 0.027344
0 0.331250 0.791406 0.012500 0.026562
0 0.841797 0.039062 0.017969 0.039062
0 0.678125 0.404297 0.015625 0.033594
0 0.388281 0.053906 0.012500 0.026562
0 0.260156 0.847266 0.014063 0.030469
0 0.926562 0.082031 0.012500 0.026562
