0 0.549768 0.232402 0.003828 0.011684
0 0.405601 0.901111 0.004836 0.014249
0 0.332863 0.695070 0.004433 0.013679
0 0.583216 0.334568 0.003828 0.011969
0 0.722043 0.629382 0.003828 0.011684
0 0.574652 0.835281 0.004433 0.013679
0 0.799315 0.417640 0.003627 0.010544
0 0.657566 0.726275 0.003828 0.011114
0 0.086339 0.092761 0.004231 0.012824
0 0.743603 0.771587 0.005037 0.015674
0 0.866411 0.175976 0.004433 0.013394
0 0.505642 0.093474 0.004231 0.013109
0 0.062160 0.681818 0.005037 0.015674
0 0.558533 0.314050 0.004836 0.014249
0 0.016925 0.485893 0.003627 0.010829
