0 0.687744 0.404285 0.008301 0.026261
0 0.744141 0.776434 0.009766 0.028334
0 0.077148 0.166551 0.011719 0.035936
0 0.476807 0.065653 0.009277 0.029026
0 0.484375 0.784381 0.009766 0.030408
0 0.390381 0.551831 0.009277 0.028334
0 0.761475 0.826192 0.012207 0.036628
0 0.786621 0.193158 0.008789 0.026952
0 0.206055 0.633725 0.011719 0.034554
0 0.128906 0.666897 0.010742 0.033172
0 0.132812 0.951279 0.011719 0.033863
0 0.875000 0.508293 0.011719 0.035245
0 0.670898 0.315826 0.012695 0.037319
0 0.386230 0.964755 0.009766 0.030408
