0 0.115234 0.768359 0.021094 0.044531
0 0.729297 0.784375 0.019531 0.042188
0 0.526563 0.628906 0.014063 0.029687
0 0.887500 0.841016 0.012500 0.027344
0 0.849609 0.826172 0.013281 0.028906
0 0.453516 0.343359 0.014844 0.032031
0 0.971484 0.216797 0.011719 0.025781
0 0.697266 0.639062 0.021094 0.045312
0 0.231250 0.562109 0.020313 0.044531
0 0.903125 0.539844 0.012500 0.026562
0 0.662109 0.930078 0.019531 0.042969
0 0.147266 0.343359 0.019531 0.041406
0 0.767578 0.488672 0.016406 0.035156
0 0.537891 0.932031 0.019531 0.042188
0 0.341016 0.662500 0.014844 0.031250
0 0.454688 0.221875 0.020313 0.043750
0 0.260937 0.713672 0.020313 0.044531
0 0.643750 0.323437 0.017188 0.037500
0 0.191016 0.587500 0.021094 0.045312
