0 0.306250 0.614844 0.018750 0.040625
0 0.672266 0.760547 0.021094 0.044531
0 0.205859 0.024609 0.021094 0.046094
0 0.890234 0.982031 0.016406 0.035937
0 0.380859 0.108203 0.016406 0.035156
0 0.425781 0.362109 0.015625 0.033594
0 0.644141 0.052344 0.014844 0.032813
0 0.865234 0.073438 0.016406 0.034375
0 0.601562 0.530469 0.015625 0.034375
0 0.188672 0.418359 0.016406 0.035156
0 0.047656 0.190234 0.012500 0.027344
0 0.831641 0.082422 0.021094 0.044531
0 0.539453 0.558984 0.011719 0.025781
0 0.661719 0.485938 0.012500 0.026562
0 0.471484 0.069531 0.016406 0.035937
0 0.688281 0.734375 0.017188 0.035937
0 0.755859 0.536719 0.014844 0.031250
0 0.633984 0.636719 0.014844 0.032813
0 0.332813 0.877344 0.014063 0.029687
0 0.816406 0.166016 0.014063 0.030469
0 0.621484 0.918750 0.014844 0.032813
0 0.729297 0.324219 0.013281 0.028125
0 0.902344 0.175391 0.018750 0.041406
0 0.883984 0.082422 0.017969 0.038281
0 0.736719 0.135937 0.012500 0.026562
