0 0.850000 0.034375 0.012500 0.026562
0 0.414453 0.236719 0.017969 0.039062
0 0.616797 0.521484 0.019531 0.041406
0 0.364453 0.711328 0.021094 0.046094
0 0.979297 0.068750 0.022656 0.046875
0 0.376563 0.907422 0.012500 0.027344
0 0.943750 0.577734 0.020313 0.041406
0 0.915625 0.509375 0.012500 0.026562
0 0.783203 0.982422 0.016406 0.035156
0 0.753125 0.928906 0.012500 0.026562
0 0.348438 0.037891 0.015625 0.033594
0 0.825000 0.387500 0.017188 0.037500
0 0.382031 0.753906 0.012500 0.026562
0 0.542188 0.131641 0.012500 0.027344
0 0.657422 0.983984 0.013281 0.028906
