0 0.011719 0.054250 0.009766 0.028334
0 0.859863 0.588113 0.010742 0.033172
0 0.864746 0.160677 0.010742 0.032481
0 0.801514 0.911541 0.011230 0.034554
0 0.131836 0.875259 0.008789 0.026952
0 0.226562 0.441603 0.009766 0.029026
0 0.199463 0.546648 0.010254 0.031790
0 0.898193 0.791292 0.012207 0.037319
0 0.526123 0.592605 0.010254 0.031099
0 0.253906 0.255356 0.010742 0.032481
0 0.640625 0.685211 0.012695 0.038010
0 0.829834 0.725985 0.012207 0.038010
0 0.296631 0.723566 0.009277 0.027643
0 0.125244 0.779889 0.011230 0.033863
