0 0.578125 0.596094 0.020313 0.043750
0 0.400000 0.199219 0.014063 0.031250
0 0.442578 0.416797 0.016406 0.035156
0 0.201172 0.915234 0.013281 0.028906
0 0.891797 0.373047 0.019531 0.041406
0 0.767578 0.337109 0.011719 0.025781
0 0.720313 0.049609 0.020313 0.042969
0 0.250391 0.107422 0.016406 0.035156
0 0.728516 0.232031 0.019531 0.042188
0 0.569141 0.608594 0.016406 0.035937
0 0.236328 0.230469 0.017969 0.039062
0 0.571094 0.278906 0.020313 0.043750
0 0.664062 0.719531 0.014063 0.031250
0 0.323047 0.972266 0.014844 0.032031
0 0.242578 0.125781 0.021094 0.045312
0 0.518750 0.698047 0.020313 0.044531
0 0.880859 0.589844 0.013281 0.028125
0 0.549219 0.371094 0.021875 0.046875
0 0.374219 0.853125 0.021875 0.045312
0 0.956250 0.650391 0.018750 0.041406
0 0.766016 0.666797 0.017969 0.039844
0 0.985938 0.219141 0.020313 0.044531
