0 0.862891 0.883594 0.014844 0.032813
0 0.369141 0.425781 0.019531 0.042188
0 0.713281 0.633984 0.020313 0.041406
0 0.296875 0.135547 0.015625 0.033594
0 0.500391 0.182031 0.011719 0.026562
0 0.321875 0.921875 0.020313 0.043750
0 0.456641 0.100391 0.019531 0.041406
0 0.073047 0.749609 0.019531 0.039844
0 0.419531 0.258203 0.020313 0.042969
0 0.148047 0.325000 0.022656 0.046875
0 0.069531 0.950781 0.021875 0.046875
0 0.856250 0.454297 0.014063 0.030469
0 0.477344 0.575391 0.012500 0.027344
0 0.171094 0.734766 0.017188 0.036719
0 0.953516 0.910547 0.014844 0.032031
0 0.688281 0.640234 0.020313 0.042969
0 0.144531 0.777734 0.020313 0.042969
0 0.052734 0.142578 0.021094 0.046094
0 0.541797 0.653125 0.014844 0.032813
