0 0.802979 0.810297 0.008301 0.025570
0 0.057861 0.617484 0.012207 0.038010
0 0.772949 0.230131 0.011719 0.035936
0 0.816406 0.942294 0.008789 0.026952
0 0.789795 0.198687 0.010254 0.031099
0 0.145264 0.211126 0.009277 0.028334
0 0.886719 0.697305 0.009766 0.030408
0 0.632812 0.679682 0.011719 0.035245
0 0.925293 0.140636 0.011719 0.036628
0 0.076904 0.215619 0.011230 0.034554
0 0.664795 0.265377 0.011230 0.034554
0 0.730957 0.062543 0.009766 0.029717
0 0.908936 0.112992 0.011230 0.033863
0 0.249023 0.154803 0.010742 0.033172
