0 0.628249 0.941436 0.003627 0.011114
0 0.348076 0.273725 0.003828 0.011684
0 0.670663 0.208321 0.005037 0.015389
0 0.061052 0.190653 0.004836 0.014819
0 0.262039 0.805928 0.004634 0.013679
0 0.535865 0.133656 0.003828 0.011969
0 0.802841 0.032060 0.004231 0.012254
0 0.513198 0.259476 0.005239 0.015674
0 0.613641 0.608293 0.004634 0.013964
0 0.067499 0.304075 0.004030 0.012539
0 0.210860 0.091194 0.004634 0.014249
0 0.693633 0.739812 0.005037 0.015389
0 0.510377 0.931889 0.004030 0.011969
0 0.654544 0.611143 0.005037 0.015674
