0 0.944141 0.751953 0.016406 0.033594
0 0.480859 0.280078 0.021094 0.042969
0 0.919922 0.526953 0.016406 0.035156
0 0.655859 0.066406 0.014844 0.032813
0 0.837891 0.210938 0.014844 0.031250
0 0.826172 0.198047 0.021094 0.046094
0 0.578125 0.741406 0.020313 0.043750
0 0.559766 0.397656 0.021094 0.045312
0 0.724219 0.406250 0.014063 0.029687
0 0.308594 0.219531 0.015625 0.034375
0 0.518750 0.845313 0.014063 0.031250
0 0.121484 0.917969 0.013281 0.029687
0 0.820312 0.629687 0.021875 0.046875
0 0.203906 0.351562 0.012500 0.026562
0 0.139453 0.601172 0.019531 0.041406
0 0.678125 0.442969 0.021875 0.045312
0 0.128516 0.496875 0.014844 0.032813
0 0.600391 0.662109 0.016406 0.035156
0 0.520312 0.464844 0.018750 0.040625
0 0.500000 0.603516 0.021875 0.044531
0 0.825781 0.203906 0.017188 0.035937
0 0.079297 0.976953 0.019531 0.039844
0 0.019531 0.216406 0.018750 0.040625
0 0.283203 0.675391 0.017969 0.038281
