0 0.084961 0.953697 0.011719 0.035936
0 0.283447 0.407395 0.009277 0.026952
0 0.484375 0.064962 0.009766 0.030408
0 0.723389 0.743607 0.011230 0.034554
0 0.236328 0.493089 0.010742 0.032481
0 0.438965 0.959917 0.011719 0.035936
0 0.717529 0.233241 0.010254 0.031099
0 0.031738 0.482377 0.009766 0.030408
0 0.158936 0.509675 0.012207 0.038010
0 0.599854 0.039046 0.012207 0.038010
0 0.822266 0.907049 0.011719 0.033863
0 0.101562 0.120249 0.011719 0.035936
0 0.125244 0.632688 0.010254 0.031099
0 0.928223 0.734969 0.008789 0.026952
