0 0.833266 0.375463 0.004231 0.012824
0 0.465444 0.805643 0.004836 0.014819
0 0.952347 0.877743 0.004231 0.013109
0 0.159379 0.102736 0.004836 0.014534
0 0.919101 0.017811 0.004634 0.013964
0 0.141144 0.382160 0.005037 0.015389
0 0.033548 0.230693 0.004634 0.013964
0 0.435321 0.881875 0.004634 0.013964
0 0.114145 0.857224 0.004634 0.013679
0 0.247632 0.143631 0.004836 0.014819
0 0.953456 0.570960 0.004836 0.014534
0 0.289442 0.933029 0.003828 0.011399
0 0.117066 0.955828 0.004836 0.014819
0 0.396131 0.101453 0.004836 0.014819
0 0.501310 0.344115 0.003627 0.011114
