0 0.088672 0.206641 0.021094 0.046094
0 0.592578 0.400000 0.013281 0.026562
0 0.445703 0.166016 0.021094 0.046094
0 0.674219 0.570703 0.020313 0.044531
0 0.780078 0.197266 0.021094 0.044531
0 0.846094 0.461328 0.017188 0.036719
0 0.288281 0.600391 0.018750 0.041406
0 0.127344 0.604297 0.012500 0.027344
0 0.071484 0.774219 0.021094 0.045312
0 0.430078 0.949219 0.019531 0.042188
0 0.683594 0.780469 0.020313 0.043750
0 0.305078 0.682813 0.016406 0.035937
0 0.793359 0.556641 0.014844 0.032031
0 0.860938 0.501953 0.014063 0.030469
0 0.333203 0.671484 0.016406 0.035156
0 0.603906 0.508594 0.014063 0.029687
0 0.530078 0.340625 0.021094 0.045312
0 0.980078 0.527734 0.016406 0.035156
0 0.848437 0.892578 0.017188 0.036719
0 0.331250 0.795703 0.018750 0.041406
0 0.442188 0.646875 0.014063 0.031250
0 0.649609 0.167969 0.021094 0.043750
0 0.941406 0.864844 0.018750 0.040625
0 0.429297 0.382031 0.016406 0.035937
0 0.387109 0.916797 0.021094 0.042969
0 0.629687 0.187891 0.012500 0.027344
0 0.309766 0.921484 0.014844 0.032031
0 0.623047 0.530078 0.011719 0.025781
0 0.765625 0.651563 0.014063 0.029687
0 0.462500 0.882422 0.020313 0.044531
