0 0.605859 0.575000 0.019531 0.042188
0 0.826953 0.805859 0.011719 0.025781
0 0.120313 0.868750 0.014063 0.031250
0 0.609375 0.797656 0.012500 0.026562
0 0.077734 0.043359 0.016406 0.035156
0 0.953125 0.358984 0.018750 0.041406
0 0.080078 0.838281 0.016406 0.034375
0 0.880469 0.796484 0.017188 0.036719
0 0.831250 0.375781 0.012500 0.026562
0 0.605859 0.265234 0.017969 0.038281
0 0.125000 0.137891 0.020313 0.042969
0 0.550000 0.331641 0.018750 0.041406
0 0.103125 0.608203 0.020313 0.044531
0 0.888672 0.958203 0.016406 0.035156
0 0.345703 0.651953 0.017969 0.039844
0 0.231250 0.553906 0.021875 0.046875
0 0.466016 0.816797 0.014844 0.030469
