0 0.415374 0.087632 0.004231 0.012824
0 0.228189 0.370191 0.003425 0.010829
0 0.083317 0.595469 0.003828 0.011114
0 0.228189 0.344828 0.004634 0.013679
0 0.308483 0.290966 0.004836 0.014819
0 0.489321 0.879453 0.004634 0.014249
0 0.562059 0.110573 0.004231 0.012539
0 0.688596 0.576660 0.003425 0.010544
0 0.167741 0.222998 0.005037 0.015674
0 0.501007 0.917213 0.003425 0.010544
0 0.357949 0.218723 0.004634 0.013964
0 0.359259 0.419778 0.004433 0.013679
0 0.740177 0.681248 0.004231 0.012824
0 0.225468 0.691508 0.003627 0.011114
0 0.137215 0.868766 0.004433 0.013394
