0 0.885938 0.230469 0.014063 0.031250
0 0.274609 0.838672 0.017969 0.038281
0 0.737891 0.875000 0.014844 0.032813
0 0.516406 0.487500 0.020313 0.042188
0 0.291406 0.775391 0.021875 0.046094
0 0.075000 0.822656 0.018750 0.040625
0 0.307812 0.823828 0.018750 0.041406
0 0.281641 0.167187 0.019531 0.042188
0 0.891406 0.080859 0.017188 0.035156
0 0.798438 0.540625 0.021875 0.046875
0 0.741406 0.860938 0.020313 0.043750
0 0.463672 0.462500 0.019531 0.042188
0 0.874609 0.821484 0.014844 0.032031
0 0.692187 0.447656 0.018750 0.039062
0 0.687891 0.480078 0.011719 0.025781
0 0.750391 0.898047 0.014844 0.032031
0 0.703516 0.805469 0.021094 0.045312
0 0.976562 0.285156 0.018750 0.040625
0 0.131641 0.586328 0.011719 0.025781
0 0.113281 0.142578 0.020313 0.041406
0 0.301172 0.458594 0.016406 0.035937
0 0.250391 0.029297 0.017969 0.038281
0 0.050391 0.441797 0.011719 0.025781
