0 0.673047 0.341406 0.021094 0.045312
0 0.053906 0.880469 0.020313 0.043750
0 0.600000 0.496875 0.018750 0.039062
0 0.533984 0.589844 0.016406 0.035937
0 0.568750 0.848828 0.015625 0.033594
0 0.812500 0.608984 0.015625 0.033594
0 0.657422 0.477344 0.013281 0.028125
0 0.403516 0.553125 0.021094 0.045312
0 0.200391 0.591797 0.019531 0.039844
0 0.272656 0.308594 0.012500 0.028125
0 0.472266 0.934375 0.014844 0.031250
0 0.112500 0.243359 0.015625 0.033594
0 0.146484 0.973047 0.017969 0.038281
0 0.528516 0.221875 0.017969 0.039062
0 0.504297 0.232422 0.013281 0.028906
0 0.301563 0.583203 0.015625 0.032031
0 0.688281 0.219141 0.014063 0.028906
0 0.455469 0.137109 0.014063 0.028906
0 0.189453 0.169531 0.014844 0.032813
0 0.353516 0.502344 0.019531 0.042188
0 0.698828 0.255078 0.014844 0.032031
0 0.443750 0.861719 0.018750 0.039062
0 0.815625 0.578906 0.014063 0.031250
0 0.164062 0.422656 0.017188 0.037500
