0 0.349609 0.742578 0.011719 0.025781
0 0.580859 0.362109 0.017969 0.038281
0 0.632812 0.899609 0.018750 0.039844
0 0.626563 0.116797 0.018750 0.039844
0 0.859766 0.730859 0.021094 0.046094
0 0.129688 0.249609 0.017188 0.036719
0 0.953125 0.663281 0.021875 0.046875
0 0.326562 0.783984 0.020313 0.044531
0 0.790625 0.272266 0.020313 0.044531
0 0.209766 0.884766 0.014844 0.032031
0 0.265625 0.652734 0.015625 0.033594
0 0.881250 0.097656 0.014063 0.031250
0 0.235937 0.848047 0.014063 0.030469
0 0.366406 0.551172 0.018750 0.039844
0 0.156641 0.053906 0.016406 0.035937
0 0.793750 0.702734 0.018750 0.039844
0 0.971484 0.069922 0.011719 0.025781
0 0.868359 0.571094 0.019531 0.042188
0 0.382031 0.963281 0.014063 0.029687
0 0.752344 0.808203 0.020313 0.042969
0 0.948828 0.346484 0.019531 0.041406
0 0.607422 0.330469 0.014844 0.031250
