0 0.021484 0.240625 0.022656 0.046875
0 0.978906 0.910547 0.012500 0.027344
0 0.514062 0.053125 0.018750 0.040625
0 0.373437 0.953125 0.012500 0.026562
0 0.548047 0.567969 0.016406 0.035937
0 0.335547 0.865234 0.011719 0.025781
0 0.907422 0.076953 0.021094 0.046094
0 0.234375 0.862500 0.020313 0.043750
0 0.550781 0.730469 0.014063 0.031250
0 0.910937 0.836719 0.017188 0.037500
0 0.449219 0.235156 0.012500 0.026562
0 0.598437 0.137891 0.021875 0.044531
0 0.298438 0.350000 0.018750 0.040625
0 0.226953 0.600391 0.011719 0.025781
0 0.962500 0.720313 0.014063 0.029687
0 0.462500 0.483594 0.012500 0.028125
0 0.122266 0.985938 0.013281 0.028125
0 0.172656 0.733594 0.012500 0.026562
0 0.217578 0.273828 0.011719 0.025781
0 0.326953 0.530469 0.021094 0.045312
0 0.987109 0.322266 0.019531 0.039844
