0 0.917578 0.823047 0.016406 0.035156
0 0.325000 0.819922 0.018750 0.039844
0 0.189844 0.029297 0.014063 0.030469
0 0.797656 0.642969 0.015625 0.034375
0 0.293359 0.603125 0.014844 0.032813
0 0.419531 0.811719 0.015625 0.032813
0 0.214844 0.838281 0.014063 0.029687
0 0.748047 0.725391 0.019531 0.041406
0 0.655859 0.613281 0.013281 0.029687
0 0.403125 0.496094 0.015625 0.034375
0 0.178516 0.935156 0.014844 0.032813
0 0.181250 0.817969 0.018750 0.040625
0 0.024609 0.076953 0.016406 0.035156
0 0.190234 0.786719 0.021094 0.045312
0 0.979297 0.735938 0.013281 0.028125
0 0.042969 0.578125 0.014063 0.029687
0 0.801953 0.979297 0.016406 0.035156
0 0.707812 0.186719 0.014063 0.029687
0 0.273047 0.115234 0.013281 0.028906
0 0.650781 0.167578 0.020313 0.044531
0 0.825781 0.378125 0.018750 0.040625
0 0.796484 0.652344 0.013281 0.029687
0 0.167578 0.564063 0.016406 0.034375
0 0.396875 0.152344 0.015625 0.034375
0 0.390625 0.139844 0.012500 0.026562
0 0.344531 0.394531 0.021875 0.046875
