0 0.113672 0.203906 0.011719 0.025000
0 0.673438 0.596875 0.017188 0.037500
0 0.074609 0.341797 0.016406 0.035156
0 0.599219 0.617969 0.021875 0.046875
0 0.405469 0.571875 0.017188 0.037500
0 0.062891 0.295703 0.011719 0.025781
0 0.793359 0.705859 0.014844 0.032031
0 0.872656 0.496875 0.015625 0.031250
0 0.350781 0.307812 0.021875 0.046875
0 0.658203 0.289062 0.017969 0.037500
0 0.597656 0.348828 0.020313 0.042969
0 0.544922 0.836328 0.014844 0.032031
0 0.598047 0.442969 0.014844 0.032813
0 0.126172 0.564453 0.014844 0.032031
0 0.369141 0.574609 0.019531 0.042969
0 0.779687 0.301172 0.018750 0.039844
0 0.709375 0.958203 0.015625 0.033594
0 0.816797 0.458203 0.011719 0.025781
0 0.469141 0.640234 0.016406 0.035156
0 0.459766 0.341797 0.021094 0.046094
0 0.521094 0.015625 0.014063 0.029687
0 0.138281 0.164453 0.014063 0.030469
