0 0.491797 0.164844 0.013281 0.028125
0 0.253516 0.957031 0.016406 0.035937
0 0.752344 0.496484 0.018750 0.041406
0 0.467187 0.145313 0.018750 0.040625
0 0.477344 0.626172 0.012500 0.027344
0 0.600000 0.880859 0.020313 0.041406
0 0.450000 0.466797 0.017188 0.036719
0 0.537500 0.434375 0.021875 0.046875
0 0.692969 0.275781 0.015625 0.032813
0 0.531250 0.463281 0.020313 0.043750
0 0.513672 0.742188 0.019531 0.040625
0 0.612109 0.616016 0.016406 0.035156
0 0.621875 0.451953 0.015625 0.033594
0 0.185547 0.456250 0.021094 0.045312
0 0.778125 0.102344 0.015625 0.034375
0 0.552734 0.246094 0.019531 0.042188
0 0.741406 0.514062 0.021875 0.046875
0 0.541406 0.833984 0.018750 0.041406
0 0.077344 0.737891 0.015625 0.032031
0 0.187500 0.341797 0.017188 0.038281
0 0.078516 0.187891 0.013281 0.028906
0 0.921094 0.111719 0.014063 0.029687
0 0.038672 0.766406 0.017969 0.039062
0 0.958594 0.862891 0.018750 0.041406
0 0.551953 0.069531 0.014844 0.032813
0 0.871484 0.029687 0.017969 0.037500
0 0.674219 0.680859 0.017188 0.036719
