0 0.610156 0.816016 0.014063 0.030469
0 0.198047 0.183203 0.021094 0.046094
0 0.714844 0.910156 0.012500 0.026562
0 0.580469 0.639062 0.012500 0.026562
0 0.580469 0.036328 0.017188 0.035156
0 0.907813 0.926953 0.018750 0.039844
0 0.907422 0.500781 0.016406 0.035937
0 0.957031 0.482422 0.015625 0.033594
0 0.569922 0.152344 0.014844 0.032813
0 0.428906 0.480469 0.018750 0.039062
0 0.770703 0.774219 0.014844 0.031250
0 0.903125 0.116016 0.020313 0.042969
0 0.984766 0.510156 0.019531 0.040625
0 0.121875 0.763281 0.015625 0.034375
0 0.577344 0.866016 0.020313 0.044531
0 0.261719 0.433203 0.014063 0.030469
0 0.539453 0.034375 0.017969 0.039062
0 0.718359 0.923438 0.016406 0.035937
0 0.251953 0.198437 0.013281 0.028125
0 0.631641 0.602734 0.013281 0.028906
0 0.600781 0.366406 0.015625 0.034375
0 0.578125 0.162891 0.020313 0.044531
0 0.256250 0.090234 0.017188 0.036719
0 0.477734 0.886719 0.021094 0.045312
0 0.093359 0.255859 0.017969 0.039844
0 0.498437 0.519922 0.017188 0.038281
0 0.585547 0.762891 0.011719 0.025781
0 0.714453 0.224609 0.019531 0.042969
0 0.710938 0.901172 0.012500 0.025781
