0 0.217188 0.291797 0.014063 0.028906
0 0.160547 0.438672 0.014844 0.030469
0 0.681641 0.813672 0.013281 0.028906
0 0.901172 0.627344 0.016406 0.034375
0 0.234375 0.284766 0.012500 0.027344
0 0.349219 0.032813 0.020313 0.043750
0 0.372266 0.912891 0.016406 0.033594
0 0.802734 0.491797 0.017969 0.038281
0 0.239844 0.264844 0.015625 0.034375
0 0.821094 0.261328 0.017188 0.035156
0 0.626563 0.753125 0.018750 0.040625
0 0.506250 0.929297 0.018750 0.041406
0 0.728906 0.485938 0.018750 0.040625
0 0.708203 0.646094 0.017969 0.039062
0 0.320703 0.041797 0.014844 0.032031
0 0.566797 0.270703 0.011719 0.025781
0 0.442969 0.516016 0.018750 0.039844
0 0.850781 0.356641 0.015625 0.033594
