0 0.121875 0.707422 0.014063 0.030469
0 0.578906 0.278906 0.015625 0.034375
0 0.305469 0.653516 0.020313 0.044531
0 0.427734 0.090234 0.014844 0.032031
0 0.740625 0.806250 0.014063 0.031250
0 0.132422 0.267969 0.011719 0.025000
0 0.384766 0.741406 0.016406 0.035937
0 0.684766 0.040625 0.017969 0.039062
0 0.270703 0.019531 0.016406 0.035937
0 0.729297 0.671875 0.016406 0.035937
0 0.207813 0.145703 0.018750 0.039844
0 0.335156 0.808984 0.012500 0.027344
0 0.690625 0.719531 0.018750 0.040625
0 0.460938 0.949219 0.020313 0.043750
0 0.612891 0.498437 0.021094 0.045312
0 0.667969 0.465234 0.015625 0.033594
0 0.205078 0.978516 0.013281 0.028906
0 0.938672 0.473828 0.013281 0.028906
0 0.485547 0.096094 0.014844 0.032813
0 0.469141 0.971484 0.021094 0.046094
0 0.521875 0.043750 0.015625 0.034375
0 0.622266 0.579297 0.013281 0.028906
0 0.592969 0.550000 0.021875 0.046875
0 0.137500 0.527734 0.021875 0.044531
0 0.142969 0.740234 0.020313 0.044531
0 0.283594 0.429688 0.021875 0.046875
0 0.934766 0.225391 0.011719 0.025781
