0 0.556641 0.296094 0.019531 0.042188
0 0.385937 0.411719 0.015625 0.034375
0 0.216797 0.813281 0.017969 0.039062
0 0.670312 0.921094 0.020313 0.042188
0 0.551562 0.267969 0.012500 0.026562
0 0.370703 0.718750 0.013281 0.028125
0 0.629687 0.425000 0.018750 0.040625
0 0.476562 0.026953 0.020313 0.042969
0 0.842969 0.457031 0.015625 0.034375
0 0.903125 0.620313 0.015625 0.034375
0 0.957422 0.175000 0.021094 0.045312
0 0.931250 0.476562 0.012500 0.026562
0 0.961328 0.310156 0.017969 0.039062
0 0.784375 0.255469 0.017188 0.037500
0 0.732031 0.443750 0.017188 0.035937
0 0.164062 0.288672 0.015625 0.033594
0 0.799609 0.409375 0.019531 0.040625
0 0.255078 0.621875 0.021094 0.045312
0 0.094922 0.326562 0.019531 0.042188
