0 0.989014 0.372149 0.009277 0.028334
0 0.080811 0.877332 0.011230 0.033863
0 0.552490 0.494126 0.009277 0.027643
0 0.201660 0.342778 0.010742 0.033172
0 0.531250 0.063234 0.010742 0.032481
0 0.070557 0.951279 0.009277 0.028334
0 0.510498 0.343124 0.008301 0.025570
0 0.857666 0.531444 0.010254 0.031790
0 0.894531 0.673462 0.010742 0.031099
0 0.808594 0.795093 0.012695 0.038010
0 0.081055 0.978231 0.010742 0.032481
0 0.551270 0.123359 0.008789 0.026952
0 0.074951 0.983068 0.009277 0.028334
0 0.412354 0.144437 0.011230 0.034554
0 0.015869 0.939876 0.012207 0.035936
