0 0.576953 0.091016 0.011719 0.025781
0 0.283984 0.917969 0.016406 0.035937
0 0.237109 0.154688 0.017969 0.039062
0 0.097266 0.506250 0.013281 0.029687
0 0.299219 0.694922 0.012500 0.027344
0 0.443750 0.115234 0.015625 0.033594
0 0.512891 0.416797 0.016406 0.035156
0 0.931250 0.263281 0.014063 0.031250
0 0.120313 0.745313 0.014063 0.029687
0 0.838672 0.710938 0.014844 0.032813
0 0.431641 0.210547 0.011719 0.025781
0 0.297266 0.861719 0.022656 0.046875
0 0.988672 0.849219 0.013281 0.028125
0 0.760938 0.400000 0.014063 0.031250
0 0.884766 0.077734 0.019531 0.042969
0 0.067187 0.245312 0.021875 0.046875
0 0.096094 0.460938 0.012500 0.028125
0 0.877734 0.257031 0.016406 0.035937
0 0.056641 0.932031 0.021094 0.045312
0 0.214453 0.509375 0.016406 0.035937
0 0.191016 0.399609 0.016406 0.035156
0 0.639844 0.164453 0.018750 0.038281
0 0.046094 0.473828 0.017188 0.036719
0 0.217188 0.333594 0.018750 0.040625
0 0.744922 0.204687 0.014844 0.032813
