0 0.245718 0.735965 0.005440 0.015674
0 0.597320 0.579652 0.003828 0.011399
0 0.013097 0.581790 0.004836 0.015104
0 0.405501 0.781562 0.003425 0.010544
0 0.130768 0.752494 0.004836 0.014534
0 0.073141 0.165289 0.004030 0.011969
0 0.581302 0.669991 0.004030 0.012539
0 0.469273 0.271017 0.003627 0.011399
0 0.785110 0.258051 0.005037 0.015104
0 0.308987 0.926475 0.003828 0.011969
0 0.070925 0.750784 0.005239 0.015674
0 0.753677 0.485466 0.005037 0.014534
0 0.031332 0.316614 0.003425 0.010829
0 0.162402 0.581362 0.003627 0.010829
0 0.660689 0.603733 0.004836 0.015104
