0 0.271973 0.157567 0.009766 0.030408
0 0.847168 0.944022 0.009766 0.030408
0 0.428467 0.929855 0.011230 0.035245
0 0.833252 0.944022 0.011230 0.034554
0 0.901611 0.395992 0.009277 0.029026
0 0.626709 0.333449 0.010254 0.031099
0 0.625244 0.799931 0.009277 0.028334
0 0.253174 0.887699 0.008301 0.025570
0 0.336426 0.627851 0.008789 0.026952
0 0.078125 0.080166 0.010742 0.033172
0 0.906738 0.075674 0.008789 0.026952
0 0.938965 0.262958 0.008789 0.026952
0 0.787109 0.729095 0.010742 0.033172
0 0.758545 0.855563 0.009277 0.029026
0 0.917725 0.638908 0.010254 0.031099
