0 0.773828 0.064844 0.021094 0.043750
0 0.126953 0.802344 0.021094 0.045312
0 0.511328 0.073438 0.017969 0.039062
0 0.424609 0.146875 0.019531 0.042188
0 0.267969 0.372656 0.014063 0.029687
0 0.355859 0.358594 0.013281 0.028125
0 0.486719 0.357031 0.020313 0.043750
0 0.019922 0.033594 0.019531 0.042188
0 0.788672 0.820703 0.021094 0.046094
0 0.727734 0.383594 0.013281 0.029687
0 0.644141 0.768359 0.021094 0.042969
0 0.876563 0.840625 0.014063 0.029687
0 0.350781 0.172266 0.017188 0.036719
0 0.674609 0.716797 0.021094 0.044531
0 0.194141 0.683594 0.013281 0.029687
0 0.503516 0.883984 0.016406 0.035156
0 0.992188 0.623437 0.012500 0.026562
0 0.673047 0.028906 0.021094 0.045312
