0 0.760547 0.851562 0.013281 0.029687
0 0.328906 0.350781 0.021875 0.046875
0 0.267578 0.771875 0.017969 0.037500
0 0.942578 0.593359 0.016406 0.035156
0 0.246484 0.563672 0.013281 0.028906
0 0.649219 0.513672 0.020313 0.041406
0 0.104297 0.469531 0.019531 0.040625
0 0.494531 0.786328 0.020313 0.044531
0 0.867578 0.276953 0.016406 0.033594
0 0.953125 0.452344 0.021875 0.045312
0 0.964063 0.019141 0.015625 0.033594
0 0.115234 0.681250 0.013281 0.029687
0 0.246484 0.472266 0.017969 0.038281
0 0.642188 0.617969 0.018750 0.039062
0 0.382031 0.153125 0.015625 0.034375
0 0.160156 0.335156 0.014063 0.029687
0 0.871484 0.701172 0.021094 0.046094
0 0.421875 0.746875 0.015625 0.034375
0 0.101172 0.840625 0.017969 0.039062
0 0.928906 0.618750 0.012500 0.026562
0 0.737109 0.128516 0.021094 0.046094
0 0.346094 0.779297 0.015625 0.033594
0 0.535156 0.667969 0.018750 0.040625
0 0.451562 0.904687 0.015625 0.034375
0 0.383594 0.538281 0.014063 0.031250
0 0.562109 0.487891 0.011719 0.025781
0 0.356250 0.587109 0.015625 0.033594
0 0.176953 0.876563 0.016406 0.034375
