0 0.184326 0.400484 0.012207 0.038010
0 0.532715 0.134070 0.012695 0.038701
0 0.395264 0.134762 0.011230 0.034554
0 0.591064 0.540428 0.010254 0.031790
0 0.660889 0.977194 0.012207 0.037319
0 0.598389 0.192122 0.012207 0.037319
0 0.780029 0.718728 0.011230 0.033172
0 0.934814 0.307533 0.008301 0.026261
0 0.813477 0.176227 0.009766 0.029026
0 0.031738 0.252592 0.009766 0.028334
0 0.876465 0.959917 0.009766 0.030408
0 0.303223 0.218037 0.012695 0.038010
0 0.845947 0.816171 0.010254 0.031790
0 0.896240 0.222529 0.012207 0.035936
