0 0.595703 0.602734 0.013281 0.028906
0 0.139453 0.308203 0.016406 0.035156
0 0.895312 0.705859 0.014063 0.030469
0 0.496094 0.540234 0.020313 0.042969
0 0.435937 0.397266 0.017188 0.036719
0 0.641406 0.380078 0.014063 0.030469
0 0.818750 0.933984 0.015625 0.033594
0 0.874609 0.814063 0.021094 0.045312
0 0.492188 0.816406 0.020313 0.043750
0 0.364063 0.767578 0.014063 0.030469
0 0.585938 0.771094 0.018750 0.040625
0 0.492578 0.790234 0.017969 0.036719
0 0.344141 0.953906 0.016406 0.034375
0 0.089063 0.542969 0.017188 0.037500
0 0.398047 0.524219 0.016406 0.034375
0 0.796094 0.753125 0.018750 0.039062
0 0.712109 0.753906 0.019531 0.040625
0 0.892188 0.576562 0.018750 0.039062
