0 0.675781 0.930859 0.018750 0.038281
0 0.619141 0.687500 0.017969 0.039062
0 0.716406 0.260156 0.020313 0.043750
0 0.833203 0.309766 0.014844 0.032031
0 0.484766 0.853906 0.017969 0.039062
0 0.164062 0.776563 0.020313 0.042188
0 0.087500 0.730469 0.020313 0.043750
0 0.258984 0.460156 0.013281 0.029687
0 0.278516 0.857812 0.021094 0.045312
0 0.423047 0.875391 0.011719 0.025781
0 0.893359 0.646484 0.014844 0.032031
0 0.674219 0.498047 0.017188 0.035156
0 0.980469 0.023438 0.020313 0.042188
0 0.217188 0.986719 0.012500 0.026562
0 0.677344 0.463672 0.012500 0.027344
0 0.856250 0.281250 0.021875 0.046875
0 0.217578 0.504297 0.017969 0.038281
0 0.419141 0.946484 0.017969 0.039844
0 0.661328 0.098437 0.022656 0.046875
0 0.226172 0.715625 0.016406 0.034375
0 0.396484 0.581641 0.021094 0.046094
0 0.828125 0.935156 0.012500 0.026562
0 0.034766 0.918750 0.021094 0.043750
0 0.340234 0.191016 0.019531 0.041406
0 0.328516 0.413672 0.019531 0.042969
