0 0.477734 0.665234 0.017969 0.038281
0 0.192188 0.459766 0.020313 0.042969
0 0.480859 0.119531 0.013281 0.029687
0 0.748828 0.110156 0.016406 0.035937
0 0.135547 0.094141 0.019531 0.042969
0 0.341797 0.019141 0.014844 0.032031
0 0.959375 0.600781 0.014063 0.029687
0 0.705078 0.929688 0.017969 0.039062
0 0.626563 0.770312 0.012500 0.026562
0 0.806641 0.841797 0.019531 0.042969
0 0.185938 0.585156 0.014063 0.029687
0 0.420312 0.072656 0.021875 0.046875
0 0.414844 0.618359 0.014063 0.028906
0 0.558203 0.477734 0.014844 0.032031
0 0.103125 0.274609 0.020313 0.044531
0 0.941016 0.096484 0.021094 0.046094
0 0.407422 0.334766 0.019531 0.041406
0 0.593359 0.070312 0.021094 0.045312
