0 0.168750 0.897656 0.020313 0.043750
0 0.899219 0.960156 0.015625 0.034375
0 0.570312 0.133984 0.012500 0.027344
0 0.380469 0.261719 0.020313 0.043750
0 0.929688 0.429297 0.018750 0.039844
0 0.916016 0.041016 0.016406 0.033594
0 0.958594 0.712891 0.020313 0.044531
0 0.546094 0.837891 0.017188 0.036719
0 0.703516 0.630469 0.017969 0.039062
0 0.268359 0.549219 0.016406 0.035937
0 0.246094 0.630469 0.017188 0.037500
0 0.348828 0.911328 0.016406 0.035156
0 0.358594 0.047266 0.021875 0.046094
0 0.028125 0.424609 0.014063 0.030469
0 0.952734 0.403516 0.019531 0.041406
0 0.948438 0.066016 0.020313 0.044531
0 0.957031 0.026953 0.015625 0.033594
