0 0.159766 0.799219 0.014844 0.029687
0 0.469922 0.501563 0.019531 0.042188
0 0.743750 0.542188 0.021875 0.046875
0 0.630469 0.754297 0.020313 0.044531
0 0.114062 0.812891 0.012500 0.027344
0 0.861719 0.908594 0.017188 0.037500
0 0.176172 0.281250 0.014844 0.031250
0 0.284766 0.502344 0.021094 0.045312
0 0.828125 0.217969 0.014063 0.029687
0 0.508594 0.766797 0.018750 0.039844
0 0.786719 0.214453 0.020313 0.042969
0 0.692187 0.285547 0.020313 0.044531
0 0.860156 0.215625 0.018750 0.040625
0 0.826562 0.327344 0.014063 0.029687
0 0.414062 0.911328 0.012500 0.027344
0 0.611719 0.891016 0.014063 0.030469
