0 0.262744 0.845683 0.004433 0.013964
0 0.648096 0.031918 0.003828 0.011399
0 0.154846 0.612140 0.004634 0.014249
0 0.441971 0.274580 0.004634 0.013964
0 0.243502 0.448988 0.004634 0.013964
0 0.827524 0.507837 0.004030 0.012539
0 0.518839 0.188800 0.003627 0.011114
0 0.286621 0.091194 0.005037 0.015389
0 0.731715 0.252066 0.005037 0.015104
0 0.045335 0.903676 0.004030 0.011969
0 0.641245 0.852807 0.003828 0.011684
0 0.517429 0.726418 0.004836 0.014819
0 0.423937 0.879453 0.004030 0.011969
0 0.754584 0.135509 0.004836 0.015104
