0 0.200781 0.932813 0.012500 0.026562
0 0.708984 0.061328 0.014844 0.032031
0 0.758984 0.425000 0.014844 0.031250
0 0.909375 0.490625 0.014063 0.031250
0 0.265625 0.298047 0.017188 0.035156
0 0.518359 0.292578 0.014844 0.032031
0 0.795703 0.721094 0.017969 0.039062
0 0.967578 0.784766 0.021094 0.044531
0 0.295312 0.504297 0.018750 0.038281
0 0.043359 0.617578 0.019531 0.042969
0 0.860156 0.928906 0.021875 0.046875
0 0.348828 0.067187 0.021094 0.045312
0 0.192578 0.608203 0.014844 0.032031
0 0.149609 0.592578 0.014844 0.032031
0 0.385156 0.929688 0.014063 0.029687
0 0.343359 0.469141 0.021094 0.044531
0 0.124609 0.837891 0.019531 0.042969
0 0.326172 0.545703 0.011719 0.025781
0 0.706250 0.448437 0.014063 0.029687
