0 0.678516 0.373437 0.014844 0.032813
0 0.404687 0.330078 0.018750 0.039844
0 0.185938 0.265234 0.014063 0.030469
0 0.094531 0.557031 0.012500 0.028125
0 0.475391 0.456641 0.014844 0.032031
0 0.485156 0.026172 0.020313 0.044531
0 0.536719 0.291797 0.017188 0.036719
0 0.085156 0.080078 0.012500 0.027344
0 0.244141 0.609766 0.017969 0.039844
0 0.117578 0.503906 0.017969 0.039062
0 0.400391 0.801953 0.013281 0.027344
0 0.680078 0.150000 0.017969 0.039062
0 0.326562 0.707812 0.021875 0.046875
0 0.167578 0.928125 0.013281 0.028125
0 0.913672 0.624609 0.014844 0.032031
0 0.857031 0.275391 0.012500 0.027344
0 0.650391 0.519922 0.021094 0.042969
0 0.273047 0.241797 0.017969 0.038281
0 0.514453 0.510547 0.017969 0.038281
0 0.327734 0.434375 0.014844 0.031250
0 0.707031 0.102344 0.018750 0.040625
0 0.501172 0.544141 0.016406 0.035156
0 0.042969 0.293750 0.015625 0.032813
0 0.171875 0.462109 0.015625 0.033594
