0 0.035547 0.454297 0.014844 0.032031
0 0.041797 0.754297 0.014844 0.032031
0 0.752734 0.809375 0.013281 0.029687
0 0.893359 0.932031 0.014844 0.032813
0 0.716406 0.238281 0.021875 0.046875
0 0.982031 0.132422 0.017188 0.036719
0 0.079297 0.318750 0.021094 0.045312
0 0.603125 0.096875 0.021875 0.046875
0 0.737500 0.312891 0.014063 0.030469
0 0.307422 0.211719 0.019531 0.042188
0 0.782813 0.528906 0.017188 0.037500
0 0.696875 0.603906 0.020313 0.043750
0 0.142187 0.755469 0.021875 0.046875
0 0.183984 0.369922 0.014844 0.032031
0 0.344922 0.730078 0.019531 0.042969
