0 0.964063 0.716797 0.021875 0.046094
0 0.758594 0.596875 0.014063 0.031250
0 0.338281 0.926562 0.017188 0.037500
0 0.762109 0.447266 0.017969 0.038281
0 0.022266 0.425781 0.017969 0.039062
0 0.261328 0.531641 0.016406 0.035156
0 0.573828 0.273828 0.011719 0.025781
0 0.706641 0.418750 0.014844 0.032813
0 0.333203 0.486719 0.013281 0.028125
0 0.960156 0.132422 0.017188 0.036719
0 0.508203 0.304688 0.016406 0.035937
0 0.401172 0.298438 0.019531 0.042188
0 0.740234 0.834375 0.016406 0.034375
0 0.271094 0.968750 0.015625 0.034375
0 0.250391 0.016016 0.013281 0.028906
0 0.840234 0.821875 0.016406 0.035937
0 0.814063 0.477734 0.021875 0.046094
0 0.751563 0.708984 0.012500 0.027344
0 0.260937 0.346094 0.014063 0.029687
0 0.991016 0.350000 0.016406 0.035937
0 0.581641 0.033203 0.011719 0.025781
0 0.230078 0.197656 0.021094 0.043750
