0 0.464844 0.881641 0.020313 0.042969
0 0.339453 0.601172 0.013281 0.028906
0 0.269141 0.884375 0.013281 0.029687
0 0.574219 0.528906 0.018750 0.040625
0 0.372656 0.051562 0.017188 0.037500
0 0.317188 0.873047 0.017188 0.035156
0 0.692969 0.585938 0.017188 0.037500
0 0.914844 0.324219 0.015625 0.034375
0 0.499219 0.184766 0.015625 0.033594
0 0.696094 0.054688 0.014063 0.029687
0 0.132031 0.662891 0.018750 0.041406
0 0.430469 0.468359 0.018750 0.039844
0 0.217578 0.560156 0.014844 0.031250
0 0.625781 0.045312 0.021875 0.046875
0 0.270313 0.325000 0.020313 0.043750
0 0.587109 0.957031 0.021094 0.045312
0 0.721484 0.128516 0.013281 0.028906
0 0.679297 0.462109 0.021094 0.046094
0 0.735547 0.758984 0.016406 0.035156
0 0.636719 0.248438 0.017188 0.035937
0 0.657031 0.448437 0.014063 0.029687
0 0.256641 0.406641 0.019531 0.041406
0 0.308594 0.795703 0.017188 0.036719
