0 0.081641 0.414062 0.016406 0.035937
0 0.184375 0.571094 0.015625 0.034375
0 0.400000 0.679688 0.021875 0.046875
0 0.035156 0.796484 0.012500 0.027344
0 0.986328 0.448828 0.016406 0.035156
0 0.570703 0.744922 0.014844 0.032031
0 0.970703 0.962891 0.019531 0.041406
0 0.639453 0.881641 0.013281 0.027344
0 0.975781 0.237500 0.015625 0.034375
0 0.861328 0.258984 0.011719 0.025781
0 0.528125 0.695703 0.018750 0.041406
0 0.657031 0.032422 0.020313 0.042969
0 0.275391 0.042578 0.017969 0.038281
0 0.432422 0.933594 0.021094 0.045312
0 0.866406 0.315625 0.018750 0.040625
0 0.473828 0.224609 0.021094 0.046094
0 0.626563 0.584766 0.021875 0.047656
0 0.800781 0.299219 0.017188 0.035937
0 0.743359 0.238672 0.017969 0.038281
0 0.192188 0.432422 0.014063 0.030469
0 0.338672 0.053906 0.016406 0.035937
0 0.389062 0.621094 0.012500 0.026562
0 0.607812 0.821094 0.015625 0.034375
0 0.287500 0.260937 0.015625 0.034375
0 0.521094 0.126172 0.014063 0.030469
0 0.031250 0.249219 0.020313 0.043750
0 0.315625 0.589453 0.015625 0.033594
0 0.323047 0.976172 0.013281 0.028906
0 0.214062 0.397656 0.014063 0.029687
0 0.372266 0.289453 0.021094 0.046094
