0 0.134375 0.894531 0.018750 0.040625
0 0.260937 0.701172 0.014063 0.030469
0 0.027734 0.355078 0.017969 0.038281
0 0.777344 0.253906 0.014063 0.029687
0 0.598828 0.299219 0.016406 0.035937
0 0.965625 0.633203 0.012500 0.027344
0 0.719531 0.544141 0.014063 0.030469
0 0.178516 0.259375 0.014844 0.032813
0 0.138281 0.644141 0.017188 0.036719
0 0.584375 0.436719 0.012500 0.026562
0 0.106641 0.535547 0.011719 0.025781
0 0.887500 0.682422 0.015625 0.033594
0 0.297266 0.708203 0.019531 0.042969
0 0.053906 0.226953 0.017188 0.036719
0 0.023047 0.045312 0.013281 0.029687
0 0.873437 0.937891 0.020313 0.042969
0 0.543359 0.643359 0.022656 0.047656
0 0.695312 0.615625 0.021875 0.046875
0 0.328906 0.949219 0.012500 0.028125
0 0.734375 0.907031 0.012500 0.026562
