0 0.597656 0.294531 0.012500 0.026562
0 0.620313 0.823828 0.018750 0.038281
0 0.513281 0.973828 0.018750 0.038281
0 0.177344 0.513281 0.017188 0.035937
0 0.759375 0.415234 0.018750 0.038281
0 0.981641 0.071875 0.021094 0.045312
0 0.916797 0.864844 0.017969 0.039062
0 0.841797 0.599219 0.017969 0.039062
0 0.525391 0.255859 0.021094 0.046094
0 0.592578 0.946484 0.013281 0.027344
0 0.386328 0.642188 0.014844 0.032813
0 0.203906 0.608203 0.018750 0.038281
0 0.341797 0.184375 0.019531 0.042188
0 0.109766 0.675391 0.017969 0.038281
