0 0.720935 0.528071 0.005239 0.015959
0 0.598630 0.074665 0.004030 0.012539
0 0.774330 0.311200 0.004836 0.014819
0 0.542313 0.476917 0.005037 0.015674
0 0.025791 0.195640 0.004433 0.013394
0 0.422124 0.667854 0.004030 0.011684
0 0.126738 0.333001 0.004836 0.015104
0 0.439250 0.689655 0.003627 0.010829
0 0.067097 0.868481 0.004030 0.012254
0 0.940963 0.807780 0.004433 0.013394
0 0.902982 0.896552 0.004231 0.013109
0 0.693532 0.242092 0.005239 0.015104
0 0.656760 0.312482 0.005037 0.015674
0 0.095607 0.625392 0.003828 0.011684
0 0.329438 0.599744 0.004433 0.012824
