0 0.069531 0.308594 0.021875 0.046875
0 0.012500 0.525391 0.018750 0.039844
0 0.803516 0.081250 0.014844 0.032813
0 0.946484 0.660937 0.021094 0.045312
0 0.941406 0.403516 0.018750 0.039844
0 0.762500 0.408203 0.014063 0.030469
0 0.485938 0.812109 0.015625 0.032031
0 0.119531 0.692187 0.017188 0.037500
0 0.714063 0.223047 0.020313 0.044531
0 0.300000 0.624609 0.014063 0.030469
0 0.667188 0.445703 0.021875 0.046094
0 0.432812 0.913281 0.020313 0.043750
0 0.782422 0.591797 0.016406 0.035156
0 0.621094 0.175000 0.020313 0.042188
0 0.165625 0.958594 0.018750 0.040625
0 0.823828 0.559766 0.013281 0.028906
0 0.412891 0.384766 0.016406 0.035156
0 0.198437 0.944141 0.012500 0.027344
0 0.642578 0.330859 0.014844 0.032031
0 0.314844 0.759375 0.021875 0.046875
0 0.314844 0.470313 0.012500 0.026562
