0 0.066016 0.827734 0.011719 0.025781
0 0.514062 0.445312 0.021875 0.045312
0 0.208984 0.109375 0.021094 0.045312
0 0.280078 0.179297 0.011719 0.025781
0 0.332813 0.659375 0.012500 0.026562
0 0.610156 0.796094 0.015625 0.034375
0 0.244531 0.826953 0.018750 0.039844
0 0.364063 0.717969 0.015625 0.032813
0 0.557813 0.595313 0.018750 0.040625
0 0.167187 0.263672 0.020313 0.041406
0 0.823047 0.525391 0.014844 0.032031
0 0.573438 0.761328 0.018750 0.039844
0 0.992578 0.331250 0.013281 0.028125
0 0.107813 0.645703 0.020313 0.044531
0 0.116016 0.714063 0.014844 0.032813
0 0.105078 0.431250 0.014844 0.031250
0 0.885156 0.113672 0.018750 0.039844
0 0.094922 0.936328 0.014844 0.032031
0 0.908203 0.639844 0.016406 0.035937
0 0.150000 0.017578 0.012500 0.025781
0 0.396875 0.544141 0.015625 0.032031
0 0.158594 0.288672 0.014063 0.030469
0 0.865234 0.295703 0.013281 0.027344
0 0.478125 0.399219 0.015625 0.034375
0 0.754687 0.659375 0.018750 0.040625
0 0.957422 0.501953 0.016406 0.035156
0 0.790625 0.633203 0.015625 0.033594
0 0.672266 0.021094 0.016406 0.035937
0 0.653906 0.299219 0.020313 0.043750
0 0.747656 0.292187 0.018750 0.040625
