0 0.451562 0.768750 0.015625 0.034375
0 0.237109 0.902734 0.019531 0.042969
0 0.155469 0.103516 0.014063 0.030469
0 0.487891 0.660547 0.021094 0.044531
0 0.608203 0.416797 0.011719 0.025781
0 0.310156 0.606250 0.017188 0.037500
0 0.502344 0.921094 0.012500 0.026562
0 0.677344 0.245312 0.020313 0.043750
0 0.565625 0.707422 0.015625 0.032031
0 0.898828 0.596875 0.021094 0.045312
0 0.040234 0.307031 0.021094 0.045312
0 0.186328 0.571875 0.016406 0.035937
0 0.596875 0.558203 0.017188 0.036719
0 0.328906 0.814063 0.012500 0.028125
0 0.775000 0.597656 0.015625 0.032813
0 0.924609 0.317969 0.016406 0.035937
0 0.875781 0.866016 0.015625 0.033594
0 0.417187 0.210156 0.015625 0.032813
0 0.542188 0.039844 0.017188 0.037500
0 0.439453 0.962891 0.021094 0.044531
