0 0.267578 0.844531 0.014844 0.032813
0 0.925000 0.101562 0.015625 0.034375
0 0.392578 0.737500 0.017969 0.037500
0 0.056250 0.544922 0.015625 0.033594
0 0.748828 0.078906 0.019531 0.042188
0 0.235937 0.345313 0.017188 0.037500
0 0.662109 0.410156 0.014844 0.031250
0 0.915234 0.610938 0.016406 0.035937
0 0.625000 0.483594 0.015625 0.034375
0 0.938672 0.753516 0.011719 0.025781
0 0.591797 0.972656 0.016406 0.034375
0 0.551562 0.679688 0.014063 0.031250
0 0.153125 0.052344 0.014063 0.029687
0 0.314453 0.719922 0.019531 0.042969
0 0.535547 0.168750 0.016406 0.035937
0 0.204297 0.787109 0.016406 0.035156
0 0.787109 0.251563 0.014844 0.032813
0 0.237500 0.654297 0.014063 0.030469
0 0.757812 0.135937 0.015625 0.034375
0 0.358594 0.246875 0.020313 0.043750
0 0.619922 0.808984 0.011719 0.025781
0 0.942578 0.438672 0.021094 0.046094
0 0.319531 0.753906 0.015625 0.034375
0 0.052344 0.813281 0.014063 0.029687
0 0.217188 0.298828 0.015625 0.033594
0 0.013672 0.451953 0.016406 0.035156
0 0.267188 0.583984 0.021875 0.046094
