0 0.797266 0.486328 0.014844 0.032031
0 0.262500 0.270703 0.020313 0.042969
0 0.493750 0.832422 0.021875 0.046094
0 0.062500 0.586328 0.015625 0.033594
0 0.876953 0.941797 0.017969 0.038281
0 0.507031 0.223438 0.017188 0.037500
0 0.901172 0.813672 0.017969 0.038281
0 0.742188 0.233594 0.014063 0.029687
0 0.473438 0.130469 0.018750 0.040625
0 0.687891 0.980078 0.014844 0.032031
0 0.932422 0.130469 0.016406 0.035937
0 0.325000 0.902734 0.012500 0.025781
0 0.117188 0.568750 0.018750 0.040625
0 0.525781 0.793359 0.018750 0.039844
0 0.516016 0.292969 0.011719 0.026562
0 0.521094 0.238672 0.012500 0.027344
