0 0.230469 0.631250 0.012500 0.026562
0 0.475781 0.543359 0.017188 0.036719
0 0.608984 0.971875 0.021094 0.043750
0 0.945703 0.366016 0.019531 0.042969
0 0.755859 0.373437 0.017969 0.039062
0 0.644531 0.770312 0.015625 0.032813
0 0.613672 0.450781 0.019531 0.042188
0 0.630078 0.416016 0.021094 0.046094
0 0.586719 0.883984 0.017188 0.036719
0 0.730859 0.673828 0.021094 0.046094
0 0.900391 0.366016 0.021094 0.046094
0 0.886719 0.020703 0.018750 0.041406
0 0.415234 0.736328 0.017969 0.039844
0 0.744922 0.879297 0.017969 0.036719
0 0.231641 0.853906 0.013281 0.028125
0 0.589453 0.195703 0.019531 0.042969
0 0.232422 0.808594 0.013281 0.028125
0 0.633203 0.866797 0.021094 0.044531
0 0.062891 0.923828 0.021094 0.046094
0 0.878516 0.781250 0.016406 0.034375
