0 0.612109 0.932813 0.016406 0.035937
0 0.960938 0.351562 0.014063 0.029687
0 0.768359 0.182422 0.011719 0.025781
0 0.622266 0.253516 0.014844 0.030469
0 0.982031 0.195703 0.017188 0.036719
0 0.607031 0.698438 0.020313 0.043750
0 0.103516 0.055469 0.016406 0.035937
0 0.203125 0.639062 0.014063 0.031250
0 0.724609 0.344531 0.017969 0.039062
0 0.644141 0.717969 0.016406 0.035937
0 0.125781 0.050391 0.020313 0.044531
0 0.824609 0.499219 0.016406 0.035937
0 0.578125 0.628516 0.018750 0.039844
0 0.821484 0.881250 0.013281 0.028125
0 0.054688 0.637891 0.018750 0.039844
0 0.304297 0.928906 0.021094 0.045312
0 0.248438 0.975000 0.021875 0.046875
