0 0.322789 0.279282 0.003627 0.010829
0 0.631171 0.307638 0.005037 0.014534
0 0.654241 0.735965 0.005239 0.015674
0 0.359460 0.584355 0.005239 0.015674
0 0.061253 0.339555 0.004433 0.013394
0 0.860669 0.082360 0.005037 0.014819
0 0.752871 0.466515 0.003828 0.011399
0 0.110921 0.361926 0.004634 0.014249
0 0.430486 0.084497 0.003425 0.010544
0 0.035765 0.213879 0.004634 0.013394
0 0.360870 0.190938 0.004030 0.012539
0 0.648096 0.611000 0.004231 0.013109
0 0.781080 0.424622 0.004634 0.014249
0 0.552287 0.502565 0.005239 0.015674
0 0.873766 0.481904 0.004634 0.014249
