0 0.135498 0.381479 0.011230 0.034554
0 0.624268 0.472357 0.009277 0.026952
0 0.800537 0.296475 0.010254 0.031790
0 0.944092 0.364547 0.008301 0.025570
0 0.819092 0.142018 0.010254 0.031099
0 0.237793 0.898411 0.012695 0.038701
0 0.295166 0.342087 0.009277 0.027643
0 0.150391 0.591914 0.009766 0.029717
0 0.089844 0.752592 0.010742 0.033172
0 0.766846 0.934347 0.012207 0.037319
0 0.218262 0.342433 0.009766 0.029717
0 0.911865 0.164824 0.010254 0.031099
0 0.779541 0.643746 0.010254 0.031099
0 0.113770 0.108500 0.012695 0.037319
