0 0.417187 0.389453 0.017188 0.035156
0 0.217188 0.707031 0.012500 0.028125
0 0.775391 0.622656 0.016406 0.035937
0 0.634375 0.296875 0.021875 0.046875
0 0.242188 0.431250 0.020313 0.043750
0 0.891406 0.885938 0.014063 0.028125
0 0.733594 0.477734 0.017188 0.036719
0 0.798047 0.581250 0.019531 0.042188
0 0.845313 0.227734 0.014063 0.030469
0 0.695703 0.515234 0.016406 0.035156
0 0.794531 0.562500 0.018750 0.040625
0 0.429688 0.240234 0.021875 0.047656
0 0.901953 0.537500 0.017969 0.039062
0 0.010937 0.369531 0.018750 0.040625
0 0.641016 0.224609 0.017969 0.038281
