0 0.257405 0.768025 0.003828 0.011969
0 0.323796 0.656027 0.004030 0.012539
0 0.718618 0.309490 0.004231 0.013109
0 0.435724 0.560274 0.004634 0.013679
0 0.195648 0.366059 0.004030 0.012254
0 0.928370 0.719008 0.005037 0.015389
0 0.258412 0.341408 0.003425 0.010829
0 0.723655 0.547592 0.005440 0.015674
0 0.362785 0.238957 0.004634 0.014534
0 0.474209 0.267313 0.003828 0.011969
0 0.139936 0.799658 0.004634 0.014249
0 0.176808 0.485323 0.004231 0.012539
0 0.452247 0.744087 0.005037 0.015389
0 0.118980 0.478769 0.004231 0.013109
