0 0.753879 0.333998 0.003425 0.010829
0 0.764457 0.332146 0.003627 0.011114
0 0.775438 0.331861 0.004231 0.012824
0 0.786520 0.332573 0.003828 0.011969
0 0.797300 0.332146 0.003627 0.011114
0 0.808483 0.332146 0.004634 0.013964
0 0.819867 0.333143 0.004030 0.011969
0 0.831352 0.333286 0.004836 0.015104
0 0.842837 0.332146 0.004030 0.012254
0 0.854423 0.334283 0.005037 0.015389
0 0.865706 0.334141 0.003425 0.010544
0 0.876990 0.332431 0.005037 0.015104
0 0.888575 0.333143 0.004030 0.012539
0 0.899859 0.332716 0.004433 0.013394
0 0.911344 0.332858 0.004433 0.013679
0 0.922426 0.332288 0.003627 0.011399
0 0.002619 0.666714 0.003627 0.011114
0 0.016019 0.665859 0.004634 0.013964
0 0.029518 0.665574 0.003828 0.011684
0 0.043119 0.666287 0.004836 0.014819
0 0.056820 0.665004 0.004030 0.012254
0 0.069817 0.665717 0.003425 0.010829
0 0.082813 0.665859 0.004030 0.012254
