0 0.213672 0.119141 0.019531 0.041406
0 0.672266 0.766016 0.014844 0.032031
0 0.476172 0.689844 0.022656 0.046875
0 0.767578 0.479687 0.017969 0.039062
0 0.541016 0.166797 0.016406 0.035156
0 0.045703 0.378906 0.021094 0.045312
0 0.630078 0.526172 0.019531 0.042969
0 0.204297 0.974219 0.014844 0.032813
0 0.180469 0.359766 0.014063 0.030469
0 0.568750 0.573438 0.014063 0.029687
0 0.402344 0.361328 0.012500 0.027344
0 0.099609 0.373437 0.019531 0.042188
0 0.635547 0.819922 0.017969 0.038281
0 0.581641 0.462891 0.019531 0.042969
0 0.559375 0.106250 0.020313 0.042188
0 0.512500 0.579688 0.012500 0.026562
0 0.937500 0.346484 0.012500 0.025781
0 0.744141 0.564844 0.016406 0.035937
0 0.394531 0.016406 0.015625 0.032813
0 0.973828 0.518750 0.017969 0.039062
0 0.067187 0.132422 0.017188 0.036719
0 0.625781 0.137500 0.020313 0.042188
0 0.645312 0.761719 0.018750 0.040625
0 0.987891 0.595703 0.016406 0.035156
0 0.483984 0.271484 0.011719 0.025781
