0 0.115625 0.048047 0.014063 0.030469
0 0.804297 0.210547 0.014844 0.032031
0 0.463281 0.871094 0.021875 0.046875
0 0.301953 0.493750 0.016406 0.034375
0 0.306641 0.206250 0.017969 0.039062
0 0.939844 0.666797 0.017188 0.036719
0 0.605469 0.937109 0.015625 0.033594
0 0.912109 0.693750 0.017969 0.039062
0 0.918750 0.315234 0.021875 0.046094
0 0.652734 0.696484 0.011719 0.025781
0 0.485156 0.037109 0.015625 0.033594
0 0.092188 0.660937 0.018750 0.040625
0 0.595313 0.901953 0.012500 0.027344
0 0.259766 0.229687 0.021094 0.045312
