0 0.782813 0.443750 0.020313 0.043750
0 0.930469 0.113281 0.020313 0.043750
0 0.934375 0.749609 0.021875 0.046094
0 0.434375 0.663672 0.014063 0.030469
0 0.260156 0.975781 0.017188 0.037500
0 0.582031 0.312109 0.012500 0.027344
0 0.409766 0.628125 0.017969 0.039062
0 0.912500 0.952344 0.020313 0.042188
0 0.462891 0.969922 0.019531 0.041406
0 0.166016 0.742969 0.021094 0.045312
0 0.671094 0.829297 0.018750 0.039844
0 0.453125 0.618359 0.018750 0.039844
0 0.016406 0.056641 0.014063 0.030469
0 0.433203 0.471484 0.017969 0.038281
0 0.180469 0.332813 0.018750 0.040625
0 0.552344 0.383203 0.020313 0.044531
0 0.524609 0.123828 0.019531 0.041406
0 0.466406 0.218750 0.014063 0.029687
0 0.726172 0.023047 0.016406 0.033594
0 0.516797 0.461719 0.019531 0.042188
0 0.441016 0.846094 0.011719 0.025000
