0 0.941406 0.134375 0.018750 0.040625
0 0.539062 0.087109 0.017188 0.036719
0 0.274609 0.306250 0.017969 0.039062
0 0.361328 0.125781 0.013281 0.028125
0 0.648438 0.891797 0.012500 0.027344
0 0.137891 0.751953 0.013281 0.028906
0 0.881250 0.342578 0.021875 0.044531
0 0.819922 0.365234 0.011719 0.025781
0 0.192969 0.849219 0.018750 0.040625
0 0.588672 0.110547 0.011719 0.025781
0 0.197656 0.658594 0.017188 0.037500
0 0.786719 0.198437 0.020313 0.042188
0 0.641016 0.323047 0.014844 0.032031
0 0.243359 0.213672 0.011719 0.025781
0 0.573438 0.464844 0.015625 0.034375
0 0.914453 0.665625 0.013281 0.028125
0 0.502344 0.046875 0.020313 0.043750
0 0.416406 0.071484 0.021875 0.044531
0 0.039844 0.449609 0.017188 0.036719
0 0.741797 0.533203 0.021094 0.046094
0 0.562891 0.743750 0.019531 0.042188
0 0.746484 0.191797 0.019531 0.039844
0 0.082812 0.948047 0.015625 0.032031
0 0.914453 0.336328 0.014844 0.032031
