0 0.713672 0.615625 0.014844 0.031250
0 0.788281 0.947656 0.017188 0.037500
0 0.495703 0.523828 0.011719 0.025781
0 0.180859 0.753906 0.011719 0.025000
0 0.267969 0.697266 0.012500 0.027344
0 0.837500 0.750000 0.015625 0.034375
0 0.067187 0.100000 0.015625 0.034375
0 0.074219 0.305859 0.014063 0.030469
0 0.092188 0.463672 0.012500 0.027344
0 0.418359 0.093750 0.019531 0.042188
0 0.869922 0.853516 0.019531 0.041406
0 0.510547 0.659375 0.016406 0.035937
0 0.383984 0.876953 0.016406 0.033594
0 0.497266 0.438281 0.019531 0.042188
0 0.613281 0.709766 0.017188 0.036719
0 0.544141 0.111328 0.021094 0.046094
0 0.441016 0.798047 0.017969 0.038281
