0 0.587891 0.694886 0.009766 0.029717
0 0.619629 0.539737 0.008789 0.027643
0 0.030762 0.818590 0.008789 0.025570
0 0.304199 0.739115 0.011719 0.036628
0 0.588135 0.284381 0.012207 0.036628
0 0.459229 0.751555 0.009277 0.028334
0 0.052246 0.798203 0.012695 0.038701
0 0.826416 0.152730 0.012207 0.037319
0 0.346924 0.157222 0.011230 0.033863
0 0.806396 0.298549 0.012207 0.037319
0 0.991211 0.616793 0.009766 0.029717
0 0.870850 0.968556 0.009277 0.028334
0 0.207764 0.135107 0.009277 0.028334
0 0.890381 0.944368 0.012207 0.035245
0 0.600586 0.815826 0.009766 0.029717
