0 0.811328 0.885547 0.019531 0.042969
0 0.593750 0.401172 0.020313 0.042969
0 0.662891 0.615625 0.021094 0.045312
0 0.155078 0.417578 0.017969 0.038281
0 0.151172 0.233203 0.013281 0.028906
0 0.493750 0.046484 0.018750 0.041406
0 0.325391 0.875000 0.014844 0.032813
0 0.600781 0.761328 0.018750 0.039844
0 0.863281 0.526953 0.014063 0.030469
0 0.145313 0.017188 0.015625 0.034375
0 0.927734 0.382812 0.017969 0.039062
0 0.250781 0.700781 0.015625 0.034375
0 0.891016 0.271875 0.013281 0.029687
0 0.466797 0.462109 0.021094 0.044531
0 0.340625 0.155859 0.017188 0.036719
0 0.621875 0.289062 0.017188 0.035937
0 0.805859 0.806641 0.021094 0.046094
0 0.126953 0.475391 0.011719 0.025781
0 0.712109 0.876172 0.017969 0.038281
0 0.575781 0.151172 0.012500 0.027344
0 0.604688 0.839453 0.017188 0.036719
0 0.420703 0.541016 0.021094 0.044531
0 0.045312 0.174219 0.014063 0.029687
0 0.842969 0.412500 0.015625 0.032813
0 0.166016 0.432812 0.021094 0.045312
