0 0.665283 0.561507 0.010254 0.031099
0 0.188965 0.636144 0.009766 0.029717
0 0.834961 0.261921 0.012695 0.038701
0 0.979004 0.507256 0.011719 0.034554
0 0.094727 0.967173 0.011719 0.036628
0 0.274414 0.634762 0.012695 0.038010
0 0.885254 0.203525 0.009766 0.029717
0 0.826904 0.632688 0.008301 0.025570
0 0.935791 0.178300 0.011230 0.034554
0 0.350342 0.831721 0.011230 0.033863
0 0.138672 0.226330 0.010742 0.032481
0 0.573975 0.173808 0.009277 0.026952
0 0.394043 0.097097 0.012695 0.038010
0 0.264893 0.827574 0.010254 0.031099
