0 0.277344 0.610156 0.012500 0.028125
0 0.725781 0.075391 0.018750 0.038281
0 0.158203 0.153906 0.014844 0.032813
0 0.117969 0.429688 0.021875 0.045312
0 0.862500 0.674219 0.015625 0.032813
0 0.794141 0.147656 0.021094 0.045312
0 0.794922 0.576172 0.014844 0.032031
0 0.932031 0.335938 0.014063 0.031250
0 0.287891 0.894141 0.016406 0.035156
0 0.917969 0.510156 0.017188 0.037500
0 0.639062 0.109766 0.015625 0.032031
0 0.957812 0.489844 0.020313 0.043750
0 0.927344 0.870313 0.020313 0.043750
0 0.691797 0.617188 0.017969 0.039062
0 0.673828 0.816406 0.021094 0.045312
0 0.068750 0.521484 0.020313 0.044531
