0 0.515625 0.180078 0.017188 0.036719
0 0.210547 0.036328 0.019531 0.041406
0 0.919141 0.556641 0.014844 0.032031
0 0.267969 0.713672 0.015625 0.033594
0 0.799219 0.555859 0.012500 0.025781
0 0.395313 0.782422 0.014063 0.030469
0 0.679688 0.595313 0.012500 0.028125
0 0.128516 0.417969 0.019531 0.042188
0 0.150000 0.416016 0.020313 0.044531
0 0.135937 0.144922 0.012500 0.027344
0 0.701562 0.173047 0.014063 0.030469
0 0.134766 0.503516 0.021094 0.046094
0 0.035156 0.366406 0.014063 0.031250
0 0.475391 0.402344 0.014844 0.031250
0 0.704297 0.325781 0.014844 0.032813
0 0.831641 0.441406 0.019531 0.042188
0 0.205469 0.318359 0.018750 0.039844
0 0.046094 0.643750 0.015625 0.034375
0 0.990625 0.910937 0.015625 0.034375
0 0.117578 0.733594 0.017969 0.039062
0 0.744531 0.102344 0.014063 0.029687
0 0.622656 0.053516 0.020313 0.042969
0 0.232813 0.335547 0.017188 0.036719
0 0.941406 0.673828 0.018750 0.039844
0 0.718750 0.030469 0.017188 0.037500
0 0.990234 0.226172 0.011719 0.025781
