0 0.782031 0.706641 0.018750 0.039844
0 0.835938 0.373828 0.015625 0.033594
0 0.710156 0.658594 0.017188 0.035937
0 0.444531 0.101953 0.012500 0.027344
0 0.457813 0.285547 0.014063 0.030469
0 0.356641 0.635156 0.013281 0.029687
0 0.596484 0.319531 0.016406 0.034375
0 0.717578 0.378125 0.019531 0.042188
0 0.144922 0.119922 0.019531 0.041406
0 0.505078 0.903125 0.013281 0.028125
0 0.901953 0.514062 0.021094 0.045312
0 0.131250 0.373828 0.017188 0.036719
0 0.945312 0.269922 0.018750 0.039844
0 0.035937 0.544531 0.015625 0.032813
0 0.020313 0.865234 0.020313 0.041406
0 0.277344 0.478516 0.018750 0.041406
0 0.788672 0.556641 0.014844 0.032031
0 0.509766 0.839453 0.019531 0.041406
0 0.078906 0.092188 0.021875 0.045312
0 0.297266 0.433594 0.013281 0.028125
0 0.410938 0.246094 0.020313 0.043750
0 0.833203 0.071484 0.016406 0.035156
0 0.445703 0.310937 0.017969 0.039062
0 0.693750 0.530469 0.021875 0.046875
0 0.947656 0.843750 0.014063 0.031250
