0 0.580078 0.767578 0.017969 0.036719
0 0.970703 0.763281 0.013281 0.028125
0 0.541797 0.550781 0.017969 0.039062
0 0.386719 0.635938 0.020313 0.043750
0 0.249609 0.958984 0.014844 0.032031
0 0.592578 0.101172 0.019531 0.041406
0 0.351953 0.890234 0.013281 0.028906
0 0.747656 0.299609 0.020313 0.042969
0 0.430078 0.463672 0.017969 0.038281
0 0.623828 0.301172 0.021094 0.046094
0 0.690625 0.536719 0.018750 0.040625
0 0.966797 0.190234 0.011719 0.025781
0 0.418750 0.289062 0.020313 0.043750
0 0.487109 0.495312 0.017969 0.039062
0 0.171094 0.205469 0.014063 0.029687
0 0.861719 0.790234 0.015625 0.033594
0 0.972266 0.640234 0.021094 0.046094
0 0.417969 0.335547 0.020313 0.044531
0 0.087500 0.208594 0.020313 0.043750
0 0.062891 0.568750 0.017969 0.039062
0 0.949219 0.777734 0.018750 0.041406
0 0.264844 0.675000 0.020313 0.043750
0 0.053906 0.872656 0.014063 0.028125
