0 0.047266 0.260937 0.021094 0.045312
0 0.900781 0.194922 0.018750 0.041406
0 0.227734 0.821875 0.021094 0.043750
0 0.914453 0.215625 0.019531 0.042188
0 0.276172 0.385547 0.021094 0.046094
0 0.652344 0.026562 0.014063 0.029687
0 0.028125 0.116406 0.015625 0.034375
0 0.109766 0.364844 0.021094 0.045312
0 0.522656 0.096484 0.018750 0.038281
0 0.841016 0.298438 0.014844 0.032813
0 0.246094 0.062500 0.014063 0.031250
0 0.304688 0.561719 0.012500 0.026562
0 0.374609 0.635547 0.016406 0.035156
0 0.211719 0.107813 0.021875 0.046875
0 0.517578 0.652344 0.019531 0.042188
0 0.637891 0.033594 0.014844 0.032813
0 0.871484 0.308203 0.016406 0.033594
0 0.124219 0.538672 0.015625 0.033594
0 0.476953 0.100391 0.019531 0.042969
0 0.648047 0.746484 0.019531 0.042969
0 0.419531 0.195312 0.012500 0.026562
0 0.716406 0.153125 0.015625 0.034375
0 0.442188 0.967187 0.021875 0.046875
0 0.356641 0.513672 0.022656 0.046094
