0 0.760156 0.846484 0.014063 0.030469
0 0.395703 0.959766 0.014844 0.032031
0 0.865234 0.807813 0.022656 0.046875
0 0.887109 0.957812 0.011719 0.026562
0 0.750000 0.428125 0.021875 0.046875
0 0.056641 0.149219 0.019531 0.042188
0 0.432812 0.483203 0.015625 0.033594
0 0.011328 0.598047 0.017969 0.036719
0 0.944531 0.082422 0.012500 0.025781
0 0.811328 0.191016 0.016406 0.035156
0 0.973828 0.506250 0.011719 0.026562
0 0.947266 0.110156 0.014844 0.031250
0 0.163281 0.198047 0.012500 0.027344
0 0.710156 0.278906 0.021875 0.045312
0 0.087500 0.411328 0.015625 0.033594
0 0.555078 0.380078 0.019531 0.042969
0 0.975781 0.948047 0.017188 0.036719
0 0.646875 0.167187 0.020313 0.042188
0 0.122656 0.461328 0.018750 0.039844
0 0.021484 0.013672 0.011719 0.025781
0 0.202344 0.478516 0.017188 0.035156
0 0.033203 0.201172 0.013281 0.028906
0 0.063281 0.190625 0.018750 0.040625
0 0.183203 0.633594 0.016406 0.035937
0 0.508594 0.519531 0.014063 0.029687
0 0.717187 0.316406 0.015625 0.034375
0 0.193359 0.692969 0.014844 0.032813
0 0.315234 0.083984 0.011719 0.025781
0 0.068359 0.454688 0.019531 0.042188
0 0.707422 0.289062 0.013281 0.029687
