0 0.066391 0.107153 0.004231 0.013109
0 0.910034 0.016244 0.004634 0.014249
0 0.163812 0.579367 0.004836 0.014819
0 0.948922 0.516671 0.003828 0.011399
0 0.172476 0.217156 0.005239 0.015959
0 0.918195 0.830579 0.004836 0.013964
0 0.113137 0.939869 0.005037 0.015389
0 0.712875 0.286691 0.003627 0.010829
0 0.636006 0.632944 0.003828 0.011399
0 0.631070 0.414933 0.004433 0.013679
0 0.595708 0.211171 0.004231 0.013109
0 0.931594 0.071388 0.003425 0.010544
0 0.456377 0.598319 0.005239 0.015674
0 0.031634 0.170704 0.004836 0.014819
0 0.239371 0.185950 0.004836 0.015104
