0 0.219141 0.250781 0.014844 0.031250
0 0.917578 0.692578 0.016406 0.035156
0 0.507812 0.325000 0.015625 0.034375
0 0.572656 0.851953 0.014063 0.030469
0 0.123047 0.597656 0.017969 0.039062
0 0.816406 0.814844 0.012500 0.026562
0 0.905078 0.482812 0.019531 0.042188
0 0.180469 0.369531 0.012500 0.026562
0 0.619141 0.797266 0.016406 0.035156
0 0.809766 0.567578 0.014844 0.032031
0 0.380078 0.833594 0.021094 0.045312
0 0.284766 0.293750 0.021094 0.045312
0 0.557422 0.566797 0.019531 0.041406
0 0.630469 0.679688 0.021875 0.045312
0 0.864453 0.425391 0.022656 0.046094
0 0.260937 0.836719 0.021875 0.046875
0 0.094922 0.449609 0.019531 0.041406
0 0.198047 0.364844 0.016406 0.035937
0 0.646484 0.780078 0.021094 0.046094
0 0.052734 0.598437 0.016406 0.035937
0 0.128125 0.189844 0.012500 0.026562
