0 0.514844 0.108203 0.020313 0.044531
0 0.400000 0.560937 0.015625 0.034375
0 0.152344 0.878516 0.017188 0.036719
0 0.466406 0.226172 0.020313 0.044531
0 0.904297 0.903516 0.021094 0.042969
0 0.597656 0.507812 0.015625 0.034375
0 0.984766 0.959766 0.021094 0.046094
0 0.966016 0.591406 0.021094 0.043750
0 0.090625 0.263672 0.012500 0.027344
0 0.932031 0.875000 0.018750 0.040625
0 0.571094 0.443750 0.014063 0.031250
0 0.492969 0.649609 0.015625 0.033594
0 0.583594 0.861719 0.015625 0.032813
0 0.110937 0.550391 0.017188 0.036719
0 0.803516 0.543359 0.013281 0.028906
0 0.626172 0.360156 0.021094 0.045312
0 0.832422 0.396484 0.011719 0.025781
0 0.229297 0.282422 0.016406 0.035156
0 0.753125 0.471875 0.014063 0.029687
0 0.514453 0.707812 0.017969 0.039062
0 0.493750 0.553906 0.020313 0.043750
0 0.093359 0.879297 0.014844 0.032031
0 0.086719 0.212500 0.020313 0.043750
0 0.054688 0.962500 0.017188 0.035937
0 0.639453 0.198828 0.011719 0.025781
0 0.061719 0.546484 0.018750 0.041406
0 0.954297 0.969141 0.014844 0.032031
0 0.923438 0.951172 0.017188 0.036719
0 0.550000 0.495703 0.017188 0.036719
0 0.454297 0.156250 0.013281 0.028125
