0 0.438672 0.549609 0.013281 0.028906
0 0.052734 0.441797 0.021094 0.044531
0 0.247266 0.547266 0.019531 0.042969
0 0.185547 0.407031 0.016406 0.034375
0 0.046484 0.769141 0.019531 0.042969
0 0.250391 0.047266 0.017969 0.038281
0 0.417578 0.858594 0.021094 0.045312
0 0.210938 0.359375 0.012500 0.028125
0 0.082812 0.812109 0.018750 0.038281
0 0.441406 0.642969 0.015625 0.034375
0 0.600000 0.751172 0.012500 0.025781
0 0.023438 0.700781 0.021875 0.045312
0 0.678906 0.717187 0.015625 0.034375
0 0.066406 0.046875 0.015625 0.032813
0 0.564453 0.054688 0.016406 0.035937
0 0.460547 0.519141 0.017969 0.036719
