0 0.950000 0.813672 0.012500 0.027344
0 0.142969 0.305859 0.012500 0.027344
0 0.087109 0.054297 0.016406 0.035156
0 0.526953 0.069531 0.013281 0.028125
0 0.076172 0.488672 0.011719 0.025781
0 0.912109 0.696484 0.019531 0.042969
0 0.413672 0.566406 0.016406 0.035937
0 0.121875 0.060156 0.018750 0.040625
0 0.269531 0.830469 0.014063 0.029687
0 0.723437 0.064844 0.021875 0.046875
0 0.447266 0.805078 0.013281 0.028906
0 0.033594 0.552734 0.020313 0.042969
0 0.063672 0.297266 0.011719 0.025781
0 0.296094 0.088281 0.020313 0.043750
0 0.484766 0.129297 0.019531 0.041406
0 0.774609 0.585938 0.019531 0.042188
0 0.447656 0.087109 0.017188 0.036719
0 0.928125 0.281250 0.017188 0.037500
0 0.666406 0.286719 0.012500 0.026562
0 0.704297 0.233203 0.013281 0.028906
0 0.782031 0.955469 0.015625 0.034375
0 0.243750 0.743750 0.018750 0.040625
0 0.704688 0.202344 0.018750 0.040625
0 0.123438 0.936719 0.014063 0.029687
0 0.966797 0.280859 0.019531 0.042969
0 0.850391 0.707422 0.021094 0.046094
0 0.075391 0.662109 0.017969 0.038281
