0 0.273047 0.780078 0.013281 0.028906
0 0.328125 0.325000 0.018750 0.040625
0 0.957422 0.744922 0.019531 0.041406
0 0.482422 0.508984 0.021094 0.044531
0 0.423828 0.373437 0.017969 0.039062
0 0.886328 0.269922 0.011719 0.025781
0 0.709375 0.254688 0.017188 0.035937
0 0.755859 0.269141 0.013281 0.028906
0 0.916797 0.350000 0.013281 0.028125
0 0.147266 0.764453 0.016406 0.035156
0 0.287109 0.190234 0.016406 0.035156
0 0.207422 0.841016 0.021094 0.046094
0 0.455859 0.663281 0.016406 0.034375
0 0.167578 0.082812 0.016406 0.035937
0 0.062500 0.248828 0.012500 0.027344
0 0.426172 0.457031 0.017969 0.039062
0 0.658594 0.545312 0.018750 0.040625
0 0.044531 0.437500 0.017188 0.035937
0 0.315234 0.521094 0.016406 0.035937
0 0.385156 0.553516 0.012500 0.027344
0 0.285938 0.900781 0.021875 0.046875
0 0.278906 0.672266 0.017188 0.036719
0 0.098047 0.875000 0.021094 0.045312
