0 0.934616 0.797663 0.004634 0.013679
0 0.350494 0.600883 0.004231 0.012254
0 0.017832 0.408521 0.003828 0.011684
0 0.580193 0.616700 0.005037 0.015389
0 0.909430 0.895269 0.004231 0.012824
0 0.593794 0.463665 0.004030 0.011969
0 0.836792 0.060131 0.004433 0.013679
0 0.281785 0.697635 0.004231 0.013109
0 0.951441 0.084497 0.003627 0.011114
0 0.467157 0.954688 0.003828 0.011969
0 0.719021 0.688658 0.005037 0.015104
0 0.070320 0.433599 0.005239 0.015104
0 0.515313 0.419065 0.004231 0.012824
0 0.334777 0.882018 0.004231 0.013109
