0 0.837891 0.053125 0.016406 0.035937
0 0.435547 0.599609 0.017969 0.038281
0 0.535547 0.465234 0.014844 0.032031
0 0.284766 0.212891 0.016406 0.035156
0 0.012891 0.285156 0.017969 0.039062
0 0.593750 0.849609 0.015625 0.033594
0 0.157422 0.766016 0.014844 0.032031
0 0.225000 0.042578 0.015625 0.033594
0 0.856641 0.269922 0.021094 0.046094
0 0.546484 0.169922 0.017969 0.038281
0 0.891406 0.942578 0.018750 0.039844
0 0.018359 0.287109 0.016406 0.035156
0 0.192969 0.316406 0.020313 0.043750
0 0.085156 0.481250 0.020313 0.043750
0 0.385937 0.631641 0.020313 0.041406
0 0.337109 0.084766 0.019531 0.041406
0 0.132812 0.419141 0.018750 0.039844
0 0.528906 0.120703 0.012500 0.027344
0 0.164844 0.835547 0.018750 0.041406
