0 0.791961 0.919065 0.005037 0.015389
0 0.530929 0.449843 0.005239 0.015674
0 0.584324 0.757338 0.004030 0.012254
0 0.195346 0.456398 0.005037 0.015674
0 0.844348 0.980764 0.003828 0.011684
0 0.538787 0.039470 0.003627 0.011114
0 0.754181 0.163864 0.004030 0.011969
0 0.020754 0.800940 0.004030 0.012254
0 0.067097 0.984326 0.004030 0.011969
0 0.996071 0.269877 0.003828 0.011399
0 0.234737 0.452836 0.004030 0.012539
0 0.228894 0.189228 0.004836 0.014819
0 0.324602 0.126104 0.004433 0.013394
0 0.308382 0.608150 0.005037 0.015389
