0 0.293750 0.783203 0.015625 0.033594
0 0.266016 0.239844 0.019531 0.042188
0 0.346875 0.646875 0.012500 0.026562
0 0.458984 0.766406 0.021094 0.045312
0 0.172266 0.668750 0.014844 0.031250
0 0.262891 0.955078 0.014844 0.032031
0 0.655078 0.339844 0.014844 0.031250
0 0.663281 0.404687 0.014063 0.029687
0 0.329297 0.124609 0.014844 0.030469
0 0.425391 0.905469 0.019531 0.042188
0 0.937109 0.462109 0.014844 0.032031
0 0.658594 0.864453 0.018750 0.041406
0 0.318359 0.657422 0.014844 0.032031
0 0.115625 0.856250 0.020313 0.043750
0 0.566797 0.785156 0.016406 0.034375
0 0.704688 0.272656 0.014063 0.029687
0 0.039062 0.554297 0.014063 0.030469
