0 0.380314 0.455543 0.003425 0.010544
0 0.548358 0.501852 0.003425 0.010829
0 0.614145 0.383015 0.005239 0.015959
0 0.558029 0.139356 0.004231 0.013109
0 0.144671 0.290539 0.004433 0.013394
0 0.250050 0.051154 0.005239 0.015104
0 0.069917 0.245227 0.003627 0.011114
0 0.021761 0.206184 0.005239 0.015674
0 0.748942 0.826874 0.003627 0.011114
0 0.931997 0.563266 0.004634 0.014534
0 0.265364 0.663152 0.004030 0.011969
0 0.261233 0.084212 0.003828 0.011114
0 0.610417 0.313195 0.003425 0.010829
0 0.426859 0.487318 0.004231 0.013109
0 0.571328 0.967227 0.004634 0.014249
