0 0.535937 0.200000 0.017188 0.037500
0 0.965234 0.910937 0.021094 0.045312
0 0.378125 0.319141 0.020313 0.044531
0 0.094531 0.960156 0.012500 0.026562
0 0.029297 0.222656 0.013281 0.029687
0 0.838672 0.341797 0.017969 0.038281
0 0.410156 0.808594 0.020313 0.043750
0 0.523828 0.191016 0.016406 0.035156
0 0.257422 0.351953 0.016406 0.035156
0 0.812891 0.958984 0.022656 0.046094
0 0.775391 0.906250 0.021094 0.045312
0 0.253906 0.889453 0.020313 0.044531
0 0.898438 0.818359 0.012500 0.027344
0 0.479687 0.550000 0.021875 0.046875
0 0.421484 0.786328 0.021094 0.046094
0 0.073438 0.635938 0.021875 0.046875
0 0.251563 0.484766 0.015625 0.032031
0 0.960547 0.048438 0.017969 0.039062
