0 0.457813 0.800781 0.014063 0.029687
0 0.610156 0.091406 0.015625 0.034375
0 0.126562 0.982422 0.012500 0.025781
0 0.421875 0.160547 0.012500 0.025781
0 0.402734 0.277344 0.014844 0.031250
0 0.830469 0.688672 0.017188 0.035156
0 0.325781 0.907813 0.015625 0.034375
0 0.486719 0.760156 0.012500 0.026562
0 0.416797 0.667188 0.013281 0.026562
0 0.605078 0.711328 0.013281 0.028906
0 0.892969 0.542578 0.017188 0.036719
0 0.862891 0.688672 0.013281 0.028906
0 0.180859 0.808984 0.021094 0.046094
0 0.076172 0.776172 0.017969 0.039844
0 0.823438 0.695312 0.020313 0.043750
0 0.176563 0.441797 0.012500 0.027344
0 0.153906 0.221484 0.020313 0.044531
