0 0.483203 0.293750 0.014844 0.032813
0 0.544141 0.908594 0.019531 0.042188
0 0.979297 0.595703 0.014844 0.032031
0 0.580859 0.551172 0.019531 0.039844
0 0.323047 0.774219 0.013281 0.029687
0 0.973047 0.632031 0.013281 0.028125
0 0.988672 0.640234 0.019531 0.041406
0 0.023438 0.247656 0.012500 0.028125
0 0.368750 0.171484 0.018750 0.041406
0 0.890625 0.448047 0.015625 0.033594
0 0.676562 0.952344 0.020313 0.043750
0 0.183984 0.718359 0.014844 0.032031
0 0.494922 0.788672 0.014844 0.030469
0 0.058203 0.183203 0.013281 0.028906
