0 0.067969 0.828125 0.015625 0.034375
0 0.882422 0.357031 0.014844 0.031250
0 0.391797 0.788672 0.016406 0.035156
0 0.402734 0.430469 0.014844 0.032813
0 0.361719 0.496484 0.014063 0.030469
0 0.797656 0.156250 0.020313 0.043750
0 0.853516 0.203516 0.016406 0.035156
0 0.079687 0.585156 0.015625 0.034375
0 0.899609 0.608594 0.011719 0.026562
0 0.752344 0.406641 0.021875 0.047656
0 0.485156 0.263672 0.015625 0.033594
0 0.704297 0.303516 0.016406 0.035156
0 0.374609 0.310547 0.013281 0.027344
0 0.162109 0.830469 0.019531 0.042188
0 0.601172 0.271094 0.021094 0.045312
0 0.511719 0.089063 0.012500 0.028125
0 0.467578 0.652344 0.021094 0.043750
0 0.376563 0.810547 0.021875 0.044531
0 0.704297 0.378906 0.021094 0.045312
0 0.522656 0.309766 0.017188 0.036719
0 0.135937 0.304688 0.018750 0.039062
0 0.788672 0.966016 0.016406 0.035156
0 0.159375 0.327734 0.015625 0.033594
0 0.785937 0.664844 0.021875 0.046875
