0 0.055859 0.042578 0.013281 0.028906
0 0.286328 0.270313 0.013281 0.029687
0 0.167969 0.458984 0.012500 0.027344
0 0.636328 0.162109 0.014844 0.030469
0 0.291016 0.696094 0.017969 0.039062
0 0.379688 0.586719 0.018750 0.040625
0 0.172656 0.142969 0.020313 0.042188
0 0.139063 0.693359 0.020313 0.042969
0 0.042578 0.774219 0.011719 0.026562
0 0.806641 0.412500 0.014844 0.032813
0 0.524609 0.248828 0.021094 0.044531
0 0.389453 0.387891 0.011719 0.025781
0 0.110547 0.205859 0.011719 0.025781
0 0.785937 0.561719 0.012500 0.026562
0 0.504297 0.926562 0.019531 0.040625
0 0.805469 0.029297 0.018750 0.041406
0 0.906641 0.180859 0.017969 0.039844
0 0.463281 0.878125 0.020313 0.043750
0 0.600000 0.708984 0.014063 0.030469
0 0.596484 0.531250 0.017969 0.039062
0 0.021094 0.600000 0.017188 0.037500
0 0.540625 0.217188 0.017188 0.035937
0 0.328516 0.267969 0.016406 0.035937
0 0.301953 0.855469 0.021094 0.045312
0 0.518359 0.567187 0.021094 0.045312
