0 0.730078 0.619531 0.017969 0.037500
0 0.464844 0.078516 0.021875 0.046094
0 0.347656 0.739844 0.014063 0.031250
0 0.371094 0.723828 0.014063 0.030469
0 0.264062 0.607812 0.012500 0.028125
0 0.225000 0.761328 0.018750 0.039844
0 0.460547 0.576562 0.016406 0.034375
0 0.874219 0.864453 0.012500 0.027344
0 0.406250 0.267188 0.020313 0.043750
0 0.391016 0.234375 0.019531 0.040625
0 0.544922 0.360156 0.017969 0.039062
0 0.876563 0.884375 0.018750 0.040625
0 0.536719 0.265625 0.015625 0.034375
0 0.357812 0.673438 0.018750 0.040625
0 0.187109 0.366016 0.021094 0.046094
0 0.319922 0.774609 0.013281 0.028906
0 0.765625 0.348438 0.018750 0.040625
0 0.897656 0.591797 0.018750 0.039844
0 0.304297 0.417187 0.013281 0.029687
0 0.455859 0.480469 0.021094 0.045312
0 0.907031 0.059375 0.021875 0.046875
0 0.875391 0.915234 0.017969 0.038281
0 0.102734 0.961719 0.021094 0.045312
0 0.762891 0.206641 0.021094 0.046094
0 0.267969 0.500781 0.021875 0.046875
0 0.048438 0.977344 0.017188 0.037500
0 0.007812 0.588672 0.014063 0.030469
0 0.986328 0.945312 0.016406 0.035937
0 0.463672 0.131250 0.016406 0.035937
