0 0.986328 0.107031 0.013281 0.028125
0 0.967187 0.355859 0.020313 0.044531
0 0.279687 0.241406 0.018750 0.040625
0 0.296484 0.042188 0.019531 0.040625
0 0.369922 0.441406 0.017969 0.039062
0 0.632422 0.129297 0.021094 0.042969
0 0.830469 0.805469 0.015625 0.034375
0 0.042188 0.950000 0.020313 0.043750
0 0.912109 0.501563 0.021094 0.045312
0 0.793359 0.236719 0.014844 0.032813
0 0.954688 0.428516 0.014063 0.030469
0 0.683594 0.889453 0.021875 0.046094
0 0.875781 0.763281 0.015625 0.034375
0 0.540625 0.116797 0.017188 0.036719
0 0.105078 0.435937 0.022656 0.046875
0 0.588672 0.735156 0.021094 0.045312
0 0.257422 0.553906 0.019531 0.042188
0 0.082422 0.718750 0.014844 0.031250
0 0.430859 0.184375 0.017969 0.037500
0 0.410156 0.822656 0.017188 0.037500
0 0.850000 0.116797 0.015625 0.033594
0 0.632031 0.153906 0.012500 0.026562
0 0.204297 0.452344 0.019531 0.042188
0 0.175000 0.953516 0.018750 0.038281
0 0.220703 0.633984 0.019531 0.042969
