0 0.989623 0.069820 0.005440 0.015959
0 0.666029 0.840553 0.004634 0.013964
0 0.465041 0.438159 0.003627 0.011114
0 0.690711 0.524651 0.004836 0.014819
0 0.342535 0.743232 0.004030 0.011969
0 0.735241 0.264178 0.003627 0.010829
0 0.758312 0.563266 0.004634 0.013964
0 0.764155 0.448276 0.004634 0.014249
0 0.224562 0.137789 0.005440 0.015674
0 0.886460 0.363494 0.005037 0.015104
0 0.167238 0.153320 0.005239 0.015959
0 0.189704 0.756768 0.003828 0.011684
0 0.941971 0.861072 0.004433 0.013394
0 0.505843 0.117412 0.005037 0.015389
