0 0.109766 0.565234 0.019531 0.042969
0 0.110547 0.972266 0.017969 0.038281
0 0.418359 0.354297 0.019531 0.041406
0 0.621484 0.352344 0.017969 0.039062
0 0.036328 0.458594 0.019531 0.042188
0 0.719531 0.943750 0.017188 0.037500
0 0.825391 0.274219 0.014844 0.032813
0 0.856250 0.767969 0.015625 0.032813
0 0.130469 0.911719 0.015625 0.032813
0 0.391016 0.492969 0.021094 0.045312
0 0.192188 0.924609 0.015625 0.033594
0 0.197266 0.770312 0.017969 0.039062
0 0.833203 0.223438 0.019531 0.040625
0 0.034375 0.835938 0.015625 0.034375
0 0.462891 0.503906 0.011719 0.025000
0 0.049219 0.290234 0.021875 0.044531
