0 0.277734 0.279687 0.021094 0.045312
0 0.436328 0.530469 0.014844 0.031250
0 0.262109 0.272656 0.017969 0.039062
0 0.346484 0.799219 0.016406 0.035937
0 0.744141 0.174219 0.016406 0.032813
0 0.857812 0.584766 0.020313 0.044531
0 0.338672 0.607812 0.013281 0.026562
0 0.215234 0.690625 0.016406 0.034375
0 0.360938 0.314453 0.015625 0.032031
0 0.893359 0.699219 0.016406 0.035937
0 0.744141 0.465234 0.019531 0.042969
0 0.504687 0.152344 0.014063 0.029687
0 0.672656 0.635547 0.020313 0.042969
0 0.187891 0.673828 0.019531 0.041406
0 0.302734 0.584766 0.014844 0.032031
0 0.469531 0.788672 0.012500 0.025781
0 0.277734 0.742578 0.017969 0.038281
0 0.750781 0.568359 0.017188 0.036719
0 0.355859 0.622656 0.017969 0.037500
0 0.954688 0.148438 0.017188 0.037500
0 0.375781 0.828125 0.018750 0.040625
0 0.483984 0.202734 0.013281 0.028906
0 0.752344 0.800781 0.017188 0.037500
0 0.621484 0.707812 0.014844 0.031250
0 0.910156 0.497656 0.018750 0.040625
0 0.220703 0.423438 0.021094 0.045312
0 0.301953 0.032031 0.014844 0.031250
0 0.357031 0.158984 0.014063 0.030469
0 0.035937 0.366797 0.012500 0.027344
0 0.512109 0.305469 0.017969 0.039062
