0 0.936631 0.311485 0.003828 0.011399
0 0.298005 0.937019 0.005239 0.015959
0 0.013601 0.423197 0.003828 0.011969
0 0.928571 0.405814 0.005037 0.014819
0 0.911948 0.109718 0.004433 0.013109
0 0.955773 0.400399 0.004634 0.014249
0 0.586540 0.350385 0.004433 0.013394
0 0.541507 0.586634 0.004634 0.013964
0 0.384344 0.219863 0.005037 0.015674
0 0.536974 0.011684 0.003627 0.010829
0 0.569817 0.979766 0.004030 0.011969
0 0.597925 0.421203 0.004634 0.014249
0 0.650715 0.846822 0.004634 0.014534
0 0.535462 0.852950 0.003828 0.011399
