0 0.660156 0.659766 0.021875 0.047656
0 0.387891 0.690234 0.014844 0.032031
0 0.866406 0.600391 0.015625 0.033594
0 0.337109 0.037891 0.016406 0.035156
0 0.255859 0.576953 0.021094 0.046094
0 0.378516 0.487500 0.016406 0.035937
0 0.512500 0.541797 0.017188 0.036719
0 0.625000 0.092578 0.017188 0.036719
0 0.710547 0.862500 0.013281 0.029687
0 0.358203 0.101172 0.021094 0.046094
0 0.292187 0.380469 0.015625 0.034375
0 0.016016 0.875391 0.021094 0.046094
0 0.662891 0.193750 0.021094 0.045312
0 0.422266 0.162891 0.017969 0.036719
0 0.973828 0.785937 0.013281 0.029687
0 0.241406 0.033203 0.012500 0.027344
0 0.511719 0.452344 0.012500 0.026562
0 0.453516 0.053125 0.017969 0.039062
0 0.679297 0.953125 0.014844 0.032813
0 0.625391 0.778125 0.013281 0.028125
