0 0.291797 0.246094 0.017969 0.039062
0 0.203906 0.962109 0.015625 0.033594
0 0.356250 0.297656 0.018750 0.040625
0 0.465625 0.568750 0.021875 0.046875
0 0.232813 0.935547 0.020313 0.041406
0 0.977734 0.499219 0.011719 0.026562
0 0.353906 0.580859 0.015625 0.032031
0 0.577344 0.113672 0.018750 0.039844
0 0.964844 0.696875 0.014063 0.029687
0 0.814453 0.851562 0.017969 0.039062
0 0.221875 0.626172 0.020313 0.042969
0 0.724609 0.568750 0.013281 0.029687
0 0.971094 0.850391 0.020313 0.044531
0 0.621484 0.821875 0.019531 0.042188
0 0.926562 0.807422 0.020313 0.042969
0 0.198047 0.423438 0.016406 0.035937
0 0.190234 0.601562 0.013281 0.028125
0 0.977734 0.040234 0.014844 0.032031
