0 0.059766 0.456250 0.019531 0.040625
0 0.885156 0.935156 0.020313 0.042188
0 0.078906 0.765234 0.014063 0.030469
0 0.334766 0.593359 0.014844 0.032031
0 0.275781 0.437891 0.012500 0.027344
0 0.822266 0.079687 0.019531 0.042188
0 0.765234 0.885938 0.017969 0.039062
0 0.266406 0.430859 0.021875 0.044531
0 0.908594 0.740234 0.017188 0.038281
0 0.712500 0.916797 0.018750 0.041406
0 0.570312 0.280078 0.021875 0.044531
0 0.222656 0.508984 0.017188 0.036719
0 0.010156 0.378516 0.012500 0.027344
0 0.091016 0.410156 0.017969 0.039062
0 0.116797 0.858594 0.013281 0.028125
0 0.331641 0.594531 0.014844 0.032813
0 0.151953 0.914062 0.013281 0.026562
0 0.314844 0.228125 0.021875 0.046875
0 0.085938 0.487109 0.017188 0.036719
0 0.036328 0.070312 0.017969 0.039062
0 0.636328 0.696875 0.014844 0.032813
0 0.303906 0.340625 0.020313 0.043750
0 0.963281 0.716016 0.017188 0.036719
0 0.251953 0.698828 0.014844 0.032031
0 0.437500 0.823438 0.014063 0.031250
0 0.125000 0.798047 0.014063 0.030469
