0 0.757422 0.651172 0.017969 0.038281
0 0.780469 0.821875 0.021875 0.046875
0 0.252344 0.759766 0.014063 0.030469
0 0.708594 0.850781 0.017188 0.037500
0 0.742969 0.853516 0.015625 0.033594
0 0.679297 0.566016 0.021094 0.044531
0 0.110547 0.419531 0.016406 0.035937
0 0.835156 0.255859 0.018750 0.039844
0 0.574609 0.432422 0.013281 0.028906
0 0.796484 0.283594 0.014844 0.032813
0 0.795703 0.377734 0.011719 0.025781
0 0.886719 0.079687 0.012500 0.026562
0 0.590625 0.033203 0.018750 0.039844
0 0.575781 0.495703 0.014063 0.030469
0 0.014453 0.029297 0.013281 0.028906
0 0.442969 0.139844 0.021875 0.046875
0 0.730859 0.635938 0.021094 0.045312
0 0.248828 0.623828 0.014844 0.030469
0 0.344531 0.101562 0.018750 0.040625
0 0.566406 0.760156 0.012500 0.026562
0 0.056250 0.725781 0.012500 0.026562
0 0.413672 0.335938 0.013281 0.028125
0 0.591016 0.352344 0.017969 0.039062
0 0.767969 0.150391 0.020313 0.042969
0 0.063281 0.667188 0.012500 0.026562
0 0.747656 0.716797 0.018750 0.039844
0 0.714844 0.782813 0.018750 0.040625
0 0.201563 0.918359 0.018750 0.041406
0 0.117969 0.206641 0.017188 0.036719
0 0.301563 0.564063 0.017188 0.037500
