0 0.926562 0.044531 0.015625 0.034375
0 0.783203 0.852734 0.014844 0.032031
0 0.671484 0.977734 0.021094 0.044531
0 0.169531 0.498437 0.014063 0.031250
0 0.803516 0.660156 0.021094 0.045312
0 0.226562 0.651172 0.017188 0.035156
0 0.820703 0.032031 0.014844 0.031250
0 0.468359 0.315234 0.011719 0.025781
0 0.794531 0.600000 0.015625 0.034375
0 0.940234 0.465625 0.019531 0.042188
0 0.827734 0.907031 0.016406 0.034375
0 0.366016 0.431250 0.016406 0.035937
0 0.437500 0.866406 0.017188 0.037500
0 0.791406 0.031641 0.020313 0.042969
0 0.057422 0.953516 0.013281 0.028906
0 0.673828 0.516406 0.021094 0.045312
0 0.772656 0.550391 0.017188 0.036719
0 0.441797 0.444922 0.016406 0.035156
0 0.256641 0.127734 0.016406 0.035156
0 0.135156 0.635938 0.014063 0.029687
0 0.154297 0.855469 0.016406 0.035937
0 0.784766 0.773438 0.013281 0.028125
0 0.428125 0.495312 0.015625 0.034375
0 0.171484 0.071875 0.013281 0.029687
0 0.382812 0.457031 0.014063 0.031250
0 0.517969 0.536719 0.014063 0.029687
