0 0.035937 0.813281 0.012500 0.026562
0 0.552734 0.750000 0.014844 0.032813
0 0.198437 0.918750 0.017188 0.037500
0 0.752344 0.720703 0.014063 0.030469
0 0.640625 0.594531 0.012500 0.026562
0 0.263281 0.288281 0.020313 0.043750
0 0.354687 0.408203 0.015625 0.033594
0 0.880469 0.886328 0.020313 0.042969
0 0.530469 0.075781 0.015625 0.034375
0 0.524609 0.381250 0.013281 0.028125
0 0.012109 0.625391 0.019531 0.041406
0 0.221484 0.916406 0.016406 0.034375
0 0.030859 0.322266 0.021094 0.046094
0 0.718359 0.248828 0.022656 0.046094
0 0.118359 0.322266 0.021094 0.046094
0 0.804688 0.582031 0.017188 0.037500
0 0.967187 0.223047 0.012500 0.027344
0 0.119141 0.559766 0.017969 0.038281
0 0.941406 0.183594 0.021875 0.045312
