0 0.232813 0.541406 0.015625 0.034375
0 0.550000 0.860156 0.017188 0.037500
0 0.662891 0.167969 0.021094 0.045312
0 0.581641 0.089453 0.011719 0.025781
0 0.354297 0.097656 0.021094 0.045312
0 0.416016 0.912500 0.019531 0.042188
0 0.874609 0.182031 0.014844 0.032813
0 0.056641 0.717187 0.016406 0.035937
0 0.974609 0.590625 0.019531 0.042188
0 0.573828 0.206641 0.011719 0.025781
0 0.555859 0.493750 0.021094 0.045312
0 0.952344 0.658203 0.018750 0.039844
0 0.536719 0.728516 0.017188 0.036719
0 0.544922 0.671484 0.013281 0.028906
0 0.802344 0.559766 0.012500 0.027344
0 0.383594 0.660547 0.020313 0.041406
0 0.416406 0.547656 0.014063 0.029687
0 0.825000 0.886328 0.012500 0.027344
0 0.914453 0.484766 0.014844 0.032031
0 0.570312 0.732422 0.014063 0.028906
0 0.173828 0.176953 0.011719 0.025781
0 0.094531 0.869141 0.014063 0.028906
0 0.044141 0.541016 0.021094 0.044531
0 0.664062 0.590625 0.015625 0.034375
