0 0.078125 0.186593 0.012695 0.038701
0 0.313232 0.026952 0.010254 0.031790
0 0.840576 0.255010 0.012207 0.037319
0 0.338379 0.432274 0.010742 0.031099
0 0.104004 0.775397 0.008789 0.027643
0 0.572510 0.618867 0.012207 0.038010
0 0.127686 0.341396 0.010254 0.031790
0 0.076416 0.929509 0.012207 0.037319
0 0.060547 0.596406 0.011719 0.035936
0 0.049316 0.266068 0.011719 0.035936
0 0.053711 0.677954 0.010742 0.033172
0 0.077637 0.567381 0.012695 0.038701
0 0.531982 0.258120 0.008301 0.025570
0 0.031982 0.390463 0.012207 0.037319
