0 0.203516 0.207422 0.021094 0.044531
0 0.654687 0.489453 0.015625 0.033594
0 0.250000 0.947656 0.020313 0.043750
0 0.400000 0.925000 0.020313 0.043750
0 0.011328 0.438672 0.016406 0.035156
0 0.704688 0.034375 0.014063 0.031250
0 0.769531 0.894922 0.015625 0.033594
0 0.910547 0.172656 0.011719 0.026562
0 0.082422 0.045703 0.013281 0.028906
0 0.754687 0.522266 0.020313 0.044531
0 0.685937 0.878125 0.017188 0.035937
0 0.336719 0.411328 0.017188 0.036719
0 0.958984 0.760156 0.021094 0.043750
0 0.178125 0.905078 0.014063 0.028906
0 0.747266 0.742969 0.013281 0.028125
0 0.792969 0.897656 0.021875 0.045312
0 0.436719 0.794922 0.014063 0.030469
0 0.138281 0.301953 0.015625 0.033594
0 0.175000 0.509375 0.015625 0.032813
0 0.537500 0.608984 0.018750 0.039844
0 0.277734 0.748437 0.019531 0.042188
