0 0.613672 0.409375 0.013281 0.026562
0 0.622266 0.427344 0.011719 0.025000
0 0.271484 0.422266 0.011719 0.025781
0 0.087891 0.524219 0.013281 0.028125
0 0.457813 0.586328 0.012500 0.027344
0 0.673047 0.097266 0.011719 0.025781
0 0.245703 0.388672 0.021094 0.046094
0 0.576172 0.372266 0.017969 0.038281
0 0.428516 0.605078 0.016406 0.035156
0 0.157031 0.081250 0.021875 0.046875
0 0.735938 0.926953 0.015625 0.033594
0 0.033594 0.254297 0.014063 0.030469
0 0.552344 0.113672 0.017188 0.035156
0 0.542578 0.126953 0.021094 0.042969
0 0.217578 0.113281 0.022656 0.046875
0 0.634375 0.242578 0.014063 0.028906
0 0.775781 0.761719 0.020313 0.043750
0 0.587500 0.166406 0.014063 0.029687
0 0.213281 0.422656 0.018750 0.040625
0 0.423828 0.215625 0.019531 0.042188
0 0.384766 0.784766 0.016406 0.035156
0 0.552344 0.742578 0.020313 0.041406
