0 0.068359 0.469141 0.019531 0.041406
0 0.575781 0.732422 0.015625 0.033594
0 0.738281 0.548828 0.020313 0.042969
0 0.695312 0.233594 0.012500 0.026562
0 0.456250 0.847656 0.017188 0.037500
0 0.455469 0.025781 0.015625 0.034375
0 0.901563 0.889844 0.021875 0.046875
0 0.096094 0.511328 0.021875 0.047656
0 0.604688 0.751563 0.017188 0.037500
0 0.365234 0.120313 0.019531 0.042188
0 0.668750 0.509375 0.012500 0.026562
0 0.734375 0.306641 0.020313 0.042969
0 0.487109 0.508594 0.016406 0.035937
0 0.796875 0.717187 0.020313 0.043750
0 0.817969 0.115234 0.014063 0.030469
0 0.076563 0.196094 0.015625 0.032813
0 0.317969 0.397656 0.012500 0.026562
0 0.470313 0.700781 0.012500 0.028125
0 0.785547 0.135156 0.017969 0.039062
0 0.075391 0.577344 0.019531 0.042188
0 0.242188 0.382031 0.018750 0.040625
0 0.969922 0.845703 0.021094 0.046094
