0 0.138672 0.958203 0.021094 0.044531
0 0.767969 0.296484 0.018750 0.039844
0 0.751953 0.890625 0.019531 0.040625
0 0.385937 0.248828 0.017188 0.038281
0 0.760156 0.501953 0.017188 0.035156
0 0.951562 0.881250 0.014063 0.029687
0 0.339453 0.119922 0.019531 0.041406
0 0.675781 0.621094 0.020313 0.043750
0 0.918359 0.975781 0.019531 0.042188
0 0.060937 0.619922 0.021875 0.044531
0 0.217578 0.142187 0.013281 0.029687
0 0.519922 0.228516 0.011719 0.025781
0 0.268359 0.966406 0.019531 0.040625
0 0.437891 0.797266 0.016406 0.035156
0 0.756250 0.409766 0.014063 0.030469
0 0.887891 0.098437 0.019531 0.042188
