0 0.410156 0.235547 0.018750 0.039844
0 0.868359 0.614062 0.022656 0.046875
0 0.106250 0.734375 0.015625 0.034375
0 0.699609 0.623047 0.021094 0.046094
0 0.700781 0.573828 0.020313 0.042969
0 0.398438 0.425391 0.017188 0.036719
0 0.151562 0.466016 0.017188 0.036719
0 0.346094 0.414062 0.014063 0.031250
0 0.494531 0.541406 0.017188 0.035937
0 0.194922 0.410156 0.013281 0.028125
0 0.158594 0.757812 0.015625 0.034375
0 0.402344 0.283203 0.018750 0.039844
0 0.910547 0.230859 0.013281 0.028906
0 0.772266 0.029297 0.011719 0.025781
0 0.861719 0.590625 0.012500 0.028125
0 0.462891 0.700391 0.019531 0.042969
0 0.985156 0.130859 0.020313 0.042969
0 0.464844 0.756250 0.012500 0.026562
0 0.059375 0.044531 0.020313 0.042188
0 0.685156 0.092969 0.015625 0.034375
0 0.629297 0.192188 0.016406 0.035937
0 0.668750 0.889453 0.012500 0.027344
0 0.333203 0.691406 0.021094 0.043750
0 0.879297 0.344922 0.016406 0.035156
