0 0.553125 0.771484 0.014063 0.030469
0 0.924219 0.818750 0.017188 0.037500
0 0.278125 0.926172 0.017188 0.036719
0 0.868750 0.953906 0.014063 0.031250
0 0.775781 0.127344 0.015625 0.032813
0 0.368359 0.329688 0.016406 0.035937
0 0.176563 0.415625 0.020313 0.043750
0 0.425000 0.757812 0.018750 0.040625
0 0.860156 0.553125 0.018750 0.040625
0 0.201172 0.437891 0.016406 0.035156
0 0.675391 0.959375 0.016406 0.035937
0 0.975000 0.306250 0.012500 0.026562
0 0.362891 0.850781 0.011719 0.026562
0 0.141016 0.055469 0.014844 0.032813
0 0.075000 0.212109 0.018750 0.041406
0 0.380078 0.242188 0.016406 0.035937
0 0.875000 0.198437 0.021875 0.045312
0 0.925391 0.967969 0.017969 0.039062
0 0.289453 0.371484 0.011719 0.025781
0 0.860547 0.476172 0.021094 0.044531
0 0.025000 0.042188 0.014063 0.031250
0 0.090625 0.047656 0.015625 0.034375
0 0.728125 0.390234 0.020313 0.044531
0 0.382812 0.058203 0.017188 0.036719
0 0.666406 0.122656 0.015625 0.034375
0 0.490234 0.831250 0.021094 0.045312
0 0.839844 0.336328 0.014063 0.030469
0 0.577344 0.302344 0.018750 0.040625
0 0.764844 0.212109 0.012500 0.027344
0 0.479297 0.394922 0.011719 0.025781
