0 0.673828 0.767188 0.016406 0.035937
0 0.333594 0.122266 0.018750 0.039844
0 0.627734 0.401953 0.019531 0.042969
0 0.304297 0.384375 0.019531 0.042188
0 0.270313 0.420312 0.015625 0.034375
0 0.691016 0.093750 0.014844 0.031250
0 0.205469 0.389453 0.012500 0.025781
0 0.239844 0.936328 0.014063 0.030469
0 0.119141 0.215234 0.013281 0.028906
0 0.226953 0.558984 0.011719 0.025781
0 0.662891 0.426953 0.021094 0.044531
0 0.464062 0.261328 0.020313 0.042969
0 0.203906 0.350000 0.018750 0.040625
0 0.680859 0.259766 0.016406 0.035156
0 0.347656 0.568750 0.020313 0.043750
0 0.172656 0.371094 0.015625 0.032813
0 0.778516 0.182031 0.016406 0.035937
0 0.610156 0.722656 0.012500 0.026562
0 0.987500 0.248828 0.017188 0.036719
0 0.392969 0.642578 0.017188 0.036719
