0 0.876172 0.637891 0.013281 0.028906
0 0.039844 0.279297 0.017188 0.036719
0 0.668750 0.071484 0.017188 0.035156
0 0.245312 0.712500 0.020313 0.042188
0 0.176563 0.385156 0.012500 0.025000
0 0.151172 0.779687 0.013281 0.029687
0 0.717578 0.523047 0.011719 0.025781
0 0.529297 0.166406 0.013281 0.028125
0 0.012109 0.316406 0.022656 0.046875
0 0.095703 0.421875 0.017969 0.039062
0 0.144531 0.664453 0.015625 0.033594
0 0.741016 0.478125 0.013281 0.029687
0 0.528906 0.159766 0.018750 0.039844
0 0.936328 0.266406 0.016406 0.035937
0 0.399609 0.169141 0.017969 0.038281
0 0.458203 0.799609 0.021094 0.044531
0 0.239453 0.016406 0.011719 0.026562
0 0.198047 0.657031 0.013281 0.028125
0 0.135156 0.373828 0.015625 0.033594
0 0.179297 0.675000 0.017969 0.039062
0 0.937891 0.564844 0.016406 0.034375
0 0.179297 0.721875 0.017969 0.039062
0 0.489844 0.032031 0.021875 0.046875
0 0.733203 0.259375 0.014844 0.031250
0 0.875781 0.343359 0.017188 0.036719
0 0.167187 0.525391 0.015625 0.033594
0 0.835547 0.761719 0.016406 0.035937
0 0.958984 0.950391 0.021094 0.046094
