0 0.319531 0.223047 0.014063 0.028906
0 0.928906 0.684375 0.014063 0.029687
0 0.433203 0.148438 0.019531 0.042188
0 0.913281 0.042188 0.012500 0.026562
0 0.837891 0.819141 0.021094 0.046094
0 0.381641 0.175781 0.019531 0.042188
0 0.649609 0.308984 0.013281 0.027344
0 0.405469 0.864453 0.012500 0.027344
0 0.477734 0.888672 0.016406 0.033594
0 0.697656 0.077344 0.018750 0.040625
0 0.359766 0.930859 0.014844 0.030469
0 0.632031 0.269141 0.014063 0.030469
0 0.621484 0.314453 0.021094 0.046094
0 0.795312 0.863672 0.012500 0.027344
0 0.624219 0.282422 0.017188 0.035156
0 0.885156 0.458594 0.018750 0.040625
0 0.928906 0.432422 0.015625 0.033594
0 0.515625 0.613672 0.017188 0.038281
0 0.551953 0.417187 0.011719 0.026562
0 0.955078 0.929688 0.014844 0.031250
0 0.445703 0.580469 0.014844 0.032813
