0 0.924072 0.265722 0.013184 0.038010
0 0.786133 0.165169 0.010742 0.033172
0 0.376709 0.068417 0.010254 0.031790
0 0.042480 0.649965 0.011719 0.036628
0 0.021484 0.023151 0.010742 0.032481
0 0.672363 0.253628 0.009766 0.030408
0 0.636230 0.717346 0.011719 0.035936
0 0.989258 0.347961 0.009766 0.029717
0 0.826416 0.665860 0.012207 0.036628
0 0.477783 0.407740 0.011230 0.033172
0 0.572510 0.872495 0.008301 0.025570
0 0.676025 0.253283 0.012207 0.038010
0 0.733398 0.571873 0.012695 0.036628
0 0.452637 0.437457 0.011719 0.035936
