0 0.406250 0.317188 0.015625 0.034375
0 0.667188 0.674609 0.015625 0.033594
0 0.559375 0.089453 0.015625 0.033594
0 0.719141 0.347656 0.013281 0.029687
0 0.823438 0.750391 0.012500 0.027344
0 0.869922 0.174219 0.017969 0.039062
0 0.018359 0.933594 0.017969 0.037500
0 0.381250 0.126172 0.014063 0.030469
0 0.965234 0.539062 0.014844 0.032813
0 0.650391 0.622266 0.017969 0.039844
0 0.298047 0.979297 0.017969 0.039844
0 0.615234 0.407031 0.017969 0.039062
0 0.614062 0.514062 0.014063 0.031250
0 0.406250 0.474609 0.015625 0.033594
0 0.380078 0.450391 0.017969 0.038281
0 0.546875 0.401172 0.020313 0.044531
0 0.295703 0.311719 0.021094 0.045312
0 0.948047 0.982812 0.013281 0.029687
0 0.299219 0.830469 0.017188 0.037500
0 0.717969 0.621875 0.018750 0.040625
0 0.755078 0.258984 0.019531 0.041406
0 0.958203 0.282422 0.014844 0.030469
