0 0.491016 0.435937 0.017969 0.039062
0 0.640234 0.053906 0.017969 0.037500
0 0.361328 0.330469 0.014844 0.031250
0 0.435937 0.531250 0.012500 0.026562
0 0.809766 0.185938 0.014844 0.031250
0 0.380469 0.876953 0.020313 0.044531
0 0.250391 0.456250 0.019531 0.042188
0 0.351562 0.167187 0.014063 0.031250
0 0.236328 0.839063 0.014844 0.032813
0 0.816797 0.785937 0.019531 0.042188
0 0.133594 0.412891 0.014063 0.030469
0 0.411719 0.958984 0.020313 0.042969
0 0.157031 0.641797 0.017188 0.036719
0 0.055469 0.253516 0.012500 0.027344
0 0.640234 0.931250 0.013281 0.029687
0 0.869141 0.288281 0.013281 0.029687
0 0.669141 0.817187 0.011719 0.026562
0 0.950781 0.473438 0.015625 0.034375
0 0.045703 0.443359 0.017969 0.039844
0 0.105078 0.588672 0.013281 0.028906
0 0.553906 0.279297 0.021875 0.044531
0 0.751953 0.121875 0.016406 0.034375
0 0.195312 0.035547 0.020313 0.044531
0 0.501172 0.180859 0.013281 0.028906
0 0.529297 0.132422 0.017969 0.036719
0 0.448437 0.307812 0.014063 0.029687
