0 0.203516 0.629687 0.013281 0.029687
0 0.869141 0.710547 0.017969 0.038281
0 0.038281 0.591406 0.021875 0.046875
0 0.257812 0.424609 0.012500 0.027344
0 0.662109 0.858203 0.017969 0.039844
0 0.056250 0.818359 0.020313 0.042969
0 0.212500 0.031250 0.012500 0.026562
0 0.348828 0.739453 0.014844 0.032031
0 0.417578 0.627344 0.022656 0.046875
0 0.786328 0.203906 0.013281 0.029687
0 0.080469 0.959375 0.012500 0.026562
0 0.139844 0.389453 0.021875 0.046094
0 0.900781 0.673438 0.021875 0.046875
0 0.316016 0.522266 0.011719 0.025781
0 0.412500 0.057813 0.020313 0.043750
0 0.769531 0.035156 0.020313 0.043750
0 0.807031 0.225000 0.014063 0.031250
0 0.408984 0.650000 0.016406 0.035937
0 0.764844 0.238672 0.020313 0.044531
0 0.633594 0.608984 0.020313 0.042969
0 0.164453 0.944141 0.017969 0.038281
0 0.630078 0.132031 0.013281 0.028125
0 0.051172 0.335547 0.017969 0.036719
0 0.302734 0.937500 0.021094 0.045312
0 0.742578 0.351562 0.021094 0.045312
0 0.799219 0.216016 0.020313 0.044531
0 0.373828 0.116016 0.016406 0.035156
0 0.396094 0.325391 0.020313 0.044531
0 0.035156 0.519141 0.020313 0.042969
0 0.104297 0.235156 0.019531 0.042188
