0 0.767578 0.666016 0.021094 0.046094
0 0.721875 0.646875 0.017188 0.035937
0 0.814844 0.740234 0.015625 0.033594
0 0.387109 0.737109 0.019531 0.041406
0 0.606641 0.086328 0.016406 0.035156
0 0.803906 0.750781 0.012500 0.026562
0 0.366016 0.749219 0.011719 0.025000
0 0.948047 0.560547 0.022656 0.046094
0 0.125391 0.133984 0.016406 0.033594
0 0.312500 0.861328 0.017188 0.035156
0 0.672656 0.259375 0.018750 0.040625
0 0.394922 0.111328 0.021094 0.046094
0 0.849609 0.278125 0.014844 0.032813
0 0.195312 0.783203 0.012500 0.027344
0 0.343359 0.928906 0.013281 0.028125
0 0.862500 0.950781 0.015625 0.034375
0 0.956250 0.239063 0.018750 0.040625
0 0.503906 0.079297 0.014063 0.030469
0 0.557031 0.537109 0.014063 0.030469
0 0.280469 0.796094 0.014063 0.029687
0 0.696094 0.827734 0.017188 0.036719
0 0.293359 0.065625 0.021094 0.045312
0 0.433594 0.217188 0.020313 0.043750
0 0.898438 0.340625 0.012500 0.026562
0 0.323047 0.259766 0.014844 0.032031
0 0.422656 0.367969 0.021875 0.046875
0 0.330078 0.717578 0.011719 0.025781
0 0.750781 0.492969 0.020313 0.043750
0 0.935156 0.734766 0.012500 0.027344
