0 0.692627 0.687630 0.008301 0.026261
0 0.105713 0.246717 0.008301 0.026261
0 0.374756 0.110919 0.009277 0.026952
0 0.149658 0.173462 0.010254 0.031790
0 0.855469 0.914305 0.011719 0.035936
0 0.013428 0.248100 0.010254 0.031790
0 0.249268 0.960608 0.012207 0.037319
0 0.953369 0.752592 0.010254 0.030408
0 0.778076 0.172771 0.010254 0.030408
0 0.799316 0.566344 0.012695 0.036628
0 0.203613 0.502419 0.008789 0.026261
0 0.861816 0.908086 0.009766 0.030408
0 0.619873 0.332066 0.010254 0.031099
0 0.705322 0.891500 0.010254 0.031790
0 0.086914 0.595024 0.008789 0.027643
