0 0.169922 0.494922 0.014844 0.032031
0 0.317969 0.858984 0.012500 0.027344
0 0.901953 0.801562 0.013281 0.029687
0 0.789453 0.215625 0.014844 0.031250
0 0.041797 0.426953 0.014844 0.032031
0 0.331641 0.924219 0.019531 0.042188
0 0.383984 0.024219 0.019531 0.042188
0 0.367969 0.409766 0.017188 0.036719
0 0.351172 0.630078 0.014844 0.030469
0 0.525391 0.171484 0.014844 0.032031
0 0.873437 0.062891 0.021875 0.047656
0 0.060156 0.592187 0.020313 0.042188
0 0.151172 0.505469 0.021094 0.045312
0 0.838281 0.274219 0.014063 0.031250
0 0.584375 0.150391 0.020313 0.044531
0 0.734766 0.740625 0.019531 0.040625
0 0.345703 0.598047 0.017969 0.036719
0 0.462109 0.023047 0.016406 0.035156
