0 0.186719 0.556250 0.017188 0.035937
0 0.396094 0.905469 0.018750 0.040625
0 0.347656 0.985547 0.012500 0.027344
0 0.792969 0.717578 0.018750 0.039844
0 0.544531 0.128906 0.015625 0.031250
0 0.933984 0.598047 0.011719 0.025781
0 0.201172 0.689453 0.021094 0.046094
0 0.312500 0.426563 0.015625 0.034375
0 0.254297 0.256641 0.021094 0.044531
0 0.880078 0.178906 0.019531 0.042188
0 0.168750 0.497266 0.015625 0.033594
0 0.277344 0.545703 0.015625 0.033594
0 0.410547 0.415625 0.019531 0.042188
0 0.483203 0.445312 0.014844 0.032813
0 0.905078 0.349219 0.016406 0.035937
0 0.316016 0.075000 0.016406 0.035937
0 0.711328 0.610938 0.021094 0.045312
0 0.159375 0.538672 0.021875 0.044531
0 0.333203 0.956641 0.017969 0.038281
0 0.962500 0.665625 0.015625 0.032813
0 0.760547 0.862109 0.013281 0.028906
0 0.694531 0.959766 0.015625 0.033594
0 0.482422 0.307812 0.017969 0.039062
0 0.298047 0.053516 0.019531 0.042969
0 0.105469 0.075391 0.017188 0.038281
0 0.810937 0.644531 0.012500 0.026562
