0 0.507031 0.770703 0.018750 0.039844
0 0.729297 0.594531 0.013281 0.028125
0 0.805078 0.329688 0.016406 0.035937
0 0.457422 0.600781 0.021094 0.045312
0 0.571875 0.767969 0.018750 0.040625
0 0.705859 0.817969 0.016406 0.035937
0 0.936719 0.596484 0.017188 0.036719
0 0.020703 0.606250 0.017969 0.039062
0 0.791797 0.417578 0.013281 0.028906
0 0.421875 0.230469 0.012500 0.026562
0 0.174219 0.322266 0.020313 0.044531
0 0.436328 0.235937 0.019531 0.042188
0 0.930859 0.216406 0.019531 0.042188
0 0.882812 0.752344 0.021875 0.046875
