0 0.823438 0.164844 0.012500 0.025000
0 0.058203 0.199219 0.013281 0.026562
0 0.335156 0.876172 0.018750 0.041406
0 0.494141 0.455859 0.016406 0.035156
0 0.358203 0.586328 0.016406 0.035156
0 0.296875 0.641016 0.018750 0.039844
0 0.317969 0.311328 0.015625 0.033594
0 0.665234 0.757422 0.017969 0.036719
0 0.695312 0.455859 0.017188 0.036719
0 0.195703 0.164453 0.014844 0.032031
0 0.615625 0.257812 0.020313 0.042188
0 0.849219 0.272656 0.020313 0.042188
0 0.810937 0.610938 0.014063 0.031250
0 0.171484 0.258984 0.022656 0.046094
0 0.586328 0.016406 0.013281 0.028125
0 0.744141 0.593359 0.016406 0.033594
0 0.772266 0.593750 0.013281 0.029687
0 0.470703 0.755859 0.019531 0.042969
0 0.854297 0.573047 0.016406 0.035156
0 0.523828 0.966406 0.017969 0.039062
0 0.730469 0.978906 0.018750 0.039062
0 0.185938 0.219531 0.014063 0.031250
0 0.746875 0.382812 0.018750 0.039062
0 0.678906 0.596875 0.020313 0.043750
0 0.431641 0.252734 0.016406 0.035156
