0 0.663672 0.292578 0.011719 0.025781
0 0.820703 0.478906 0.014844 0.032813
0 0.020703 0.051953 0.013281 0.028906
0 0.857812 0.342578 0.020313 0.042969
0 0.620703 0.175391 0.019531 0.042969
0 0.349219 0.365234 0.018750 0.038281
0 0.008984 0.243359 0.016406 0.035156
0 0.874219 0.132422 0.012500 0.027344
0 0.498828 0.248047 0.017969 0.038281
0 0.619531 0.573828 0.018750 0.041406
0 0.922266 0.033203 0.022656 0.046094
0 0.979297 0.570312 0.017969 0.039062
0 0.163281 0.542188 0.018750 0.040625
0 0.765625 0.106250 0.020313 0.043750
0 0.720313 0.415234 0.018750 0.041406
0 0.789062 0.416016 0.020313 0.042969
0 0.188672 0.128906 0.021094 0.045312
0 0.078516 0.776953 0.013281 0.028906
0 0.221094 0.419141 0.020313 0.042969
0 0.125391 0.272266 0.016406 0.035156
0 0.649609 0.941406 0.013281 0.029687
