0 0.459717 0.888044 0.011230 0.034554
0 0.563721 0.740152 0.010254 0.031790
0 0.223145 0.738079 0.011719 0.035936
0 0.717285 0.653075 0.010742 0.033172
0 0.921387 0.493780 0.008789 0.026952
0 0.007080 0.584658 0.009277 0.027643
0 0.287354 0.085003 0.011230 0.034554
0 0.706787 0.531790 0.009277 0.028334
0 0.415527 0.487906 0.008789 0.026261
0 0.098145 0.200760 0.010742 0.032481
0 0.552734 0.617484 0.010742 0.033863
0 0.175781 0.606082 0.009766 0.029026
0 0.296387 0.201106 0.008789 0.026261
0 0.938232 0.410504 0.010254 0.031790
0 0.107910 0.247754 0.010742 0.032481
