0 0.046484 0.903516 0.019531 0.042969
0 0.586328 0.858984 0.017969 0.039844
0 0.432812 0.467187 0.014063 0.031250
0 0.738672 0.092969 0.013281 0.029687
0 0.131641 0.644531 0.021094 0.045312
0 0.871094 0.721484 0.014063 0.030469
0 0.123828 0.902734 0.017969 0.039844
0 0.572656 0.715234 0.017188 0.036719
0 0.626563 0.091797 0.012500 0.027344
0 0.047266 0.139844 0.021094 0.043750
0 0.391797 0.843750 0.017969 0.037500
0 0.531250 0.922656 0.021875 0.046875
0 0.129688 0.856250 0.021875 0.046875
0 0.985547 0.755469 0.021094 0.043750
0 0.867188 0.594141 0.012500 0.027344
0 0.694922 0.517188 0.019531 0.042188
0 0.572656 0.115625 0.012500 0.028125
0 0.741406 0.903906 0.017188 0.035937
0 0.722266 0.933984 0.021094 0.044531
0 0.030469 0.556641 0.020313 0.044531
