0 0.527734 0.246484 0.011719 0.025781
0 0.348828 0.904687 0.017969 0.039062
0 0.536328 0.970313 0.019531 0.042188
0 0.051172 0.736328 0.014844 0.030469
0 0.725781 0.795312 0.018750 0.040625
0 0.282031 0.215234 0.018750 0.041406
0 0.747656 0.383984 0.017188 0.036719
0 0.826172 0.874609 0.021094 0.046094
0 0.621875 0.348047 0.017188 0.036719
0 0.553125 0.251563 0.017188 0.037500
0 0.235547 0.343750 0.013281 0.028125
0 0.295312 0.191016 0.015625 0.033594
0 0.839453 0.767188 0.021094 0.043750
0 0.051953 0.877734 0.021094 0.046094
0 0.094141 0.417187 0.021094 0.045312
0 0.119531 0.333594 0.012500 0.026562
0 0.873828 0.816406 0.013281 0.029687
0 0.958594 0.640234 0.021875 0.044531
0 0.970313 0.573438 0.014063 0.031250
0 0.099219 0.494141 0.017188 0.038281
0 0.297656 0.199219 0.015625 0.032813
0 0.901172 0.035547 0.013281 0.028906
0 0.202344 0.957422 0.018750 0.039844
0 0.980078 0.851172 0.019531 0.041406
0 0.284375 0.488672 0.017188 0.036719
0 0.461719 0.040625 0.012500 0.028125
0 0.329688 0.892578 0.015625 0.033594
0 0.016016 0.875781 0.021094 0.043750
