0 0.935156 0.698828 0.020313 0.041406
0 0.023828 0.546094 0.016406 0.034375
0 0.448828 0.966406 0.022656 0.046875
0 0.935156 0.573828 0.014063 0.030469
0 0.576953 0.691016 0.013281 0.028906
0 0.104688 0.442578 0.020313 0.041406
0 0.498437 0.163672 0.020313 0.044531
0 0.289062 0.615625 0.014063 0.031250
0 0.301563 0.502344 0.020313 0.043750
0 0.316406 0.530078 0.020313 0.044531
0 0.375781 0.873437 0.014063 0.029687
0 0.488281 0.357812 0.012500 0.026562
0 0.752344 0.901953 0.017188 0.036719
0 0.393750 0.342969 0.017188 0.037500
0 0.103125 0.302344 0.014063 0.029687
0 0.360938 0.592187 0.014063 0.031250
0 0.339844 0.593359 0.012500 0.027344
0 0.403906 0.779687 0.017188 0.037500
0 0.381250 0.941016 0.015625 0.032031
0 0.642578 0.953516 0.021094 0.046094
0 0.351172 0.046094 0.022656 0.046875
0 0.319531 0.558203 0.018750 0.038281
0 0.211719 0.521094 0.017188 0.035937
0 0.160547 0.476953 0.011719 0.025781
0 0.365234 0.901172 0.011719 0.025781
0 0.012891 0.863672 0.021094 0.046094
