0 0.304199 0.372840 0.009766 0.029717
0 0.809326 0.665515 0.012207 0.037319
0 0.695557 0.940912 0.010254 0.031099
0 0.267090 0.688321 0.011719 0.035936
0 0.389648 0.322046 0.012695 0.037319
0 0.945557 0.792329 0.009277 0.026952
0 0.614990 0.560124 0.013184 0.038010
0 0.920166 0.158604 0.011230 0.032481
0 0.682861 0.656531 0.012207 0.035936
0 0.124023 0.409468 0.008789 0.026952
0 0.836914 0.578784 0.010742 0.032481
0 0.634766 0.788874 0.010742 0.032481
0 0.017334 0.033172 0.010254 0.030408
0 0.015625 0.102626 0.010742 0.032481
