0 0.939063 0.316406 0.014063 0.029687
0 0.474219 0.144141 0.017188 0.036719
0 0.416797 0.549609 0.014844 0.032031
0 0.215625 0.042578 0.020313 0.044531
0 0.979297 0.606641 0.016406 0.035156
0 0.721484 0.125391 0.021094 0.042969
0 0.781641 0.231641 0.011719 0.025781
0 0.638281 0.650391 0.014063 0.030469
0 0.428516 0.922266 0.011719 0.025781
0 0.961328 0.757422 0.011719 0.025781
0 0.931250 0.447656 0.017188 0.037500
0 0.933594 0.832031 0.014063 0.029687
0 0.956641 0.849609 0.019531 0.039844
0 0.292578 0.783203 0.017969 0.039844
0 0.826953 0.959766 0.014844 0.032031
