0 0.392969 0.550781 0.020313 0.043750
0 0.221484 0.496875 0.017969 0.039062
0 0.532813 0.718359 0.018750 0.039844
0 0.333594 0.059766 0.021875 0.046094
0 0.027344 0.395313 0.015625 0.032813
0 0.448047 0.095703 0.016406 0.035156
0 0.095312 0.616797 0.020313 0.044531
0 0.467187 0.793359 0.020313 0.042969
0 0.357812 0.075000 0.015625 0.032813
0 0.231641 0.746875 0.014844 0.032813
0 0.289062 0.472266 0.012500 0.027344
0 0.235156 0.723047 0.015625 0.033594
0 0.503516 0.114844 0.014844 0.029687
0 0.508594 0.203906 0.018750 0.040625
0 0.585547 0.579297 0.021094 0.044531
0 0.785547 0.651563 0.019531 0.042188
0 0.841406 0.547656 0.012500 0.026562
0 0.887500 0.854688 0.014063 0.028125
0 0.522656 0.319531 0.015625 0.034375
0 0.204297 0.706641 0.016406 0.033594
0 0.193359 0.481641 0.019531 0.042969
0 0.092969 0.457031 0.014063 0.031250
0 0.064453 0.172266 0.011719 0.025781
0 0.261328 0.073047 0.013281 0.028906
0 0.537109 0.554688 0.019531 0.042188
