0 0.050391 0.103125 0.019531 0.042188
0 0.028906 0.516797 0.017188 0.036719
0 0.170703 0.317188 0.022656 0.046875
0 0.856250 0.860156 0.015625 0.031250
0 0.071484 0.386719 0.021094 0.045312
0 0.486328 0.690625 0.016406 0.035937
0 0.793750 0.154297 0.018750 0.038281
0 0.628906 0.906641 0.015625 0.033594
0 0.018359 0.074219 0.013281 0.028125
0 0.885547 0.039453 0.017969 0.038281
0 0.807031 0.449609 0.015625 0.033594
0 0.102734 0.579297 0.017969 0.038281
0 0.501172 0.375000 0.021094 0.045312
0 0.367188 0.307422 0.015625 0.033594
0 0.809766 0.382031 0.019531 0.042188
