0 0.790771 0.807878 0.009277 0.029026
0 0.667480 0.113338 0.011719 0.035936
0 0.009033 0.340359 0.011230 0.033863
0 0.288574 0.976503 0.010742 0.033172
0 0.500488 0.721493 0.011719 0.035936
0 0.514404 0.187975 0.010254 0.030408
0 0.606934 0.176572 0.010742 0.031099
0 0.696289 0.741880 0.011719 0.033863
0 0.963867 0.800622 0.008789 0.026952
0 0.651855 0.578438 0.011719 0.035936
0 0.284668 0.361783 0.011719 0.035245
0 0.061768 0.060815 0.012207 0.037319
0 0.570312 0.483760 0.010742 0.033172
0 0.908203 0.868694 0.010742 0.033172
0 0.513916 0.805114 0.011230 0.033172
