0 0.709651 0.152323 0.004836 0.015104
0 0.258815 0.546025 0.005037 0.015389
0 0.807677 0.220576 0.005037 0.015389
0 0.024380 0.716728 0.004433 0.013679
0 0.462019 0.945854 0.004433 0.013109
0 0.977030 0.906669 0.004836 0.014534
0 0.627645 0.803220 0.004836 0.014534
0 0.902277 0.258051 0.004836 0.014534
0 0.126335 0.056284 0.004433 0.013394
0 0.415475 0.928897 0.004433 0.013394
0 0.832359 0.933742 0.004433 0.013394
0 0.595406 0.067113 0.004030 0.012254
0 0.879911 0.646338 0.004433 0.013109
0 0.416482 0.636934 0.003627 0.011399
0 0.099738 0.011114 0.004836 0.014249
