0 0.482812 0.434375 0.012500 0.026562
0 0.330078 0.092578 0.013281 0.028906
0 0.564063 0.257422 0.021875 0.047656
0 0.304688 0.724609 0.012500 0.027344
0 0.434766 0.130078 0.011719 0.025781
0 0.142578 0.716797 0.011719 0.025781
0 0.161719 0.982812 0.015625 0.032813
0 0.353906 0.399609 0.012500 0.027344
0 0.235156 0.957031 0.021875 0.046875
0 0.013281 0.557813 0.018750 0.040625
0 0.670312 0.163672 0.020313 0.044531
0 0.571094 0.283594 0.021875 0.045312
0 0.342187 0.793750 0.020313 0.043750
0 0.762500 0.472656 0.015625 0.034375
0 0.881250 0.725781 0.021875 0.046875
0 0.456250 0.794531 0.020313 0.043750
0 0.513672 0.051562 0.019531 0.042188
0 0.325391 0.852344 0.017969 0.039062
0 0.544141 0.174609 0.016406 0.035156
0 0.896875 0.507031 0.017188 0.037500
0 0.632031 0.559766 0.012500 0.027344
0 0.092578 0.277734 0.011719 0.025781
0 0.371875 0.104688 0.012500 0.026562
0 0.260156 0.651172 0.020313 0.044531
