0 0.375000 0.109766 0.012500 0.027344
0 0.358984 0.802734 0.013281 0.028906
0 0.471094 0.049219 0.017188 0.037500
0 0.364844 0.818750 0.020313 0.043750
0 0.516406 0.616797 0.015625 0.033594
0 0.517969 0.730469 0.012500 0.026562
0 0.901172 0.767969 0.011719 0.026562
0 0.244531 0.834375 0.014063 0.029687
0 0.343359 0.064453 0.019531 0.042969
0 0.595313 0.975781 0.020313 0.043750
0 0.721094 0.632031 0.021875 0.045312
0 0.358203 0.764453 0.011719 0.025781
0 0.619922 0.451562 0.016406 0.035937
0 0.473438 0.584766 0.015625 0.033594
0 0.471484 0.841797 0.021094 0.046094
0 0.412891 0.382031 0.016406 0.035937
0 0.420703 0.971484 0.016406 0.035156
0 0.687500 0.365234 0.017188 0.036719
0 0.570312 0.842969 0.021875 0.046875
0 0.638281 0.628516 0.014063 0.030469
0 0.652734 0.265234 0.013281 0.027344
0 0.314844 0.145313 0.015625 0.034375
0 0.696484 0.835547 0.014844 0.032031
0 0.133984 0.275781 0.014844 0.032813
0 0.734766 0.192188 0.021094 0.045312
