0 0.246826 0.507947 0.010254 0.031790
0 0.923096 0.820318 0.009277 0.027643
0 0.766113 0.627160 0.011719 0.035245
0 0.163574 0.721493 0.011719 0.035936
0 0.027588 0.166206 0.012207 0.035245
0 0.200439 0.600553 0.010254 0.031790
0 0.221191 0.544575 0.008789 0.026261
0 0.005859 0.875259 0.011719 0.035245
0 0.513428 0.848998 0.011230 0.033863
0 0.921387 0.714582 0.009766 0.030408
0 0.091309 0.466482 0.011719 0.035936
0 0.733887 0.379751 0.011719 0.036628
0 0.073730 0.166206 0.009766 0.028334
0 0.962891 0.021078 0.008789 0.026952
