0 0.282422 0.767578 0.016406 0.035156
0 0.570703 0.845313 0.021094 0.045312
0 0.805469 0.318359 0.012500 0.027344
0 0.167187 0.863672 0.012500 0.027344
0 0.070703 0.419922 0.014844 0.030469
0 0.534766 0.717969 0.017969 0.037500
0 0.659375 0.176563 0.021875 0.046875
0 0.153125 0.559375 0.021875 0.046875
0 0.338672 0.136328 0.021094 0.042969
0 0.936719 0.323437 0.014063 0.029687
0 0.892969 0.389062 0.017188 0.037500
0 0.210547 0.114844 0.016406 0.035937
0 0.767578 0.739453 0.019531 0.041406
0 0.909375 0.699219 0.020313 0.043750
0 0.366406 0.590234 0.018750 0.041406
