0 0.273828 0.251172 0.017969 0.036719
0 0.157812 0.808203 0.014063 0.028906
0 0.923828 0.671875 0.022656 0.046875
0 0.966016 0.841797 0.016406 0.035156
0 0.687500 0.587500 0.014063 0.031250
0 0.220703 0.371094 0.021094 0.043750
0 0.420703 0.532813 0.021094 0.045312
0 0.745703 0.635938 0.019531 0.042188
0 0.301563 0.053516 0.014063 0.030469
0 0.666797 0.384766 0.017969 0.036719
0 0.108594 0.279297 0.020313 0.041406
0 0.707812 0.029687 0.015625 0.034375
0 0.501563 0.414453 0.021875 0.046094
0 0.305859 0.508984 0.017969 0.038281
0 0.823438 0.665234 0.012500 0.027344
0 0.398828 0.971875 0.014844 0.031250
0 0.548047 0.378125 0.013281 0.029687
0 0.387891 0.621875 0.016406 0.035937
