0 0.885547 0.923828 0.019531 0.039844
0 0.250391 0.062500 0.019531 0.042188
0 0.398047 0.073047 0.021094 0.044531
0 0.766016 0.727734 0.014844 0.032031
0 0.568750 0.569531 0.014063 0.029687
0 0.833203 0.442969 0.014844 0.032813
0 0.793359 0.292969 0.013281 0.028125
0 0.362109 0.958203 0.017969 0.036719
0 0.068359 0.485156 0.017969 0.039062
0 0.709375 0.387891 0.012500 0.027344
0 0.591016 0.053125 0.021094 0.043750
0 0.863672 0.903516 0.014844 0.032031
0 0.198828 0.788672 0.011719 0.025781
0 0.524219 0.494531 0.021875 0.046875
0 0.320312 0.875391 0.017188 0.036719
0 0.142578 0.920703 0.013281 0.028906
0 0.164062 0.097656 0.014063 0.031250
0 0.621484 0.243359 0.013281 0.028906
0 0.109375 0.981250 0.015625 0.032813
0 0.623437 0.096094 0.012500 0.026562
0 0.057031 0.701172 0.015625 0.033594
0 0.213281 0.415625 0.015625 0.034375
0 0.288281 0.076563 0.012500 0.028125
0 0.899219 0.701953 0.018750 0.038281
0 0.798047 0.425391 0.021094 0.046094
0 0.164453 0.952734 0.019531 0.039844
0 0.658203 0.969922 0.017969 0.038281
0 0.763281 0.918359 0.018750 0.039844
0 0.427734 0.291797 0.011719 0.025781
0 0.312500 0.157422 0.018750 0.041406
