0 0.307422 0.698047 0.016406 0.033594
0 0.483984 0.532813 0.021094 0.043750
0 0.964844 0.609766 0.012500 0.027344
0 0.142969 0.876953 0.018750 0.039844
0 0.609375 0.230469 0.015625 0.034375
0 0.945312 0.862109 0.015625 0.033594
0 0.496094 0.250000 0.021875 0.045312
0 0.398828 0.442969 0.019531 0.042188
0 0.062109 0.184766 0.021094 0.042969
0 0.858984 0.725781 0.014844 0.031250
0 0.077734 0.133984 0.016406 0.035156
0 0.590625 0.617188 0.017188 0.035937
0 0.199219 0.739453 0.018750 0.041406
0 0.515234 0.311328 0.016406 0.035156
0 0.239453 0.572266 0.011719 0.025781
0 0.936328 0.674609 0.017969 0.038281
0 0.951953 0.303906 0.017969 0.039062
0 0.332031 0.191406 0.017188 0.037500
0 0.485938 0.163281 0.018750 0.040625
0 0.052734 0.820312 0.013281 0.028125
0 0.391406 0.120313 0.012500 0.028125
0 0.886719 0.496484 0.017188 0.036719
0 0.953125 0.787891 0.017188 0.038281
0 0.530078 0.050391 0.021094 0.046094
0 0.285938 0.893359 0.012500 0.027344
0 0.588281 0.697266 0.015625 0.032031
0 0.136328 0.855859 0.017969 0.038281
