0 0.029687 0.113281 0.012500 0.028125
0 0.041797 0.223828 0.013281 0.028906
0 0.310937 0.082031 0.012500 0.026562
0 0.687500 0.059766 0.014063 0.030469
0 0.812500 0.168359 0.014063 0.030469
0 0.885156 0.201172 0.017188 0.035156
0 0.621484 0.351953 0.019531 0.041406
0 0.248438 0.815234 0.015625 0.033594
0 0.757812 0.786328 0.018750 0.038281
0 0.104688 0.094141 0.018750 0.039844
0 0.282422 0.425391 0.021094 0.044531
0 0.237500 0.618359 0.012500 0.027344
0 0.170313 0.721484 0.017188 0.036719
0 0.342187 0.418750 0.012500 0.026562
0 0.962109 0.044141 0.019531 0.041406
0 0.289062 0.014063 0.012500 0.026562
0 0.216797 0.591016 0.014844 0.032031
