0 0.330078 0.381641 0.016406 0.035156
0 0.046875 0.389453 0.018750 0.038281
0 0.539453 0.667578 0.019531 0.039844
0 0.789844 0.742578 0.012500 0.027344
0 0.466016 0.191016 0.016406 0.035156
0 0.907031 0.867578 0.014063 0.030469
0 0.179297 0.789844 0.017969 0.037500
0 0.778516 0.877344 0.021094 0.043750
0 0.397656 0.448437 0.014063 0.029687
0 0.193750 0.768750 0.015625 0.032813
0 0.219141 0.450781 0.019531 0.042188
0 0.150000 0.612109 0.017188 0.036719
0 0.628125 0.513281 0.017188 0.037500
0 0.432031 0.186719 0.014063 0.029687
0 0.177344 0.506250 0.017188 0.037500
0 0.089453 0.285938 0.014844 0.032813
0 0.319531 0.246484 0.014063 0.030469
0 0.403516 0.795312 0.016406 0.034375
0 0.769922 0.648828 0.022656 0.046094
0 0.236328 0.782422 0.017969 0.039844
0 0.539062 0.637891 0.017188 0.036719
0 0.497656 0.355469 0.017188 0.037500
0 0.775000 0.525781 0.012500 0.026562
0 0.423828 0.959766 0.019531 0.042969
0 0.785156 0.927734 0.017188 0.038281
0 0.408594 0.910937 0.020313 0.043750
0 0.658594 0.273047 0.021875 0.044531
0 0.590234 0.128125 0.014844 0.032813
0 0.389062 0.085156 0.021875 0.046875
0 0.914062 0.669141 0.012500 0.025781
