0 0.754883 0.536973 0.010742 0.033172
0 0.833740 0.300968 0.011230 0.035245
0 0.224854 0.958535 0.009277 0.026261
0 0.162842 0.204907 0.010254 0.031099
0 0.180176 0.763649 0.009766 0.029026
0 0.116211 0.607464 0.009766 0.030408
0 0.223633 0.271942 0.008789 0.026952
0 0.461426 0.437457 0.009766 0.030408
0 0.805908 0.781272 0.011230 0.033863
0 0.028320 0.035245 0.009766 0.029026
0 0.124023 0.937457 0.008789 0.026952
0 0.149658 0.886662 0.013184 0.038701
0 0.705078 0.466828 0.011719 0.036628
0 0.037109 0.155149 0.008789 0.026952
0 0.370117 0.487906 0.011719 0.035936
