0 0.516797 0.718359 0.017969 0.038281
0 0.643359 0.866406 0.017969 0.037500
0 0.530078 0.892578 0.021094 0.046094
0 0.395703 0.941016 0.019531 0.041406
0 0.763672 0.530859 0.016406 0.035156
0 0.416797 0.561328 0.017969 0.039844
0 0.132031 0.887109 0.018750 0.041406
0 0.246484 0.632812 0.014844 0.031250
0 0.487500 0.532813 0.018750 0.040625
0 0.307422 0.594531 0.019531 0.042188
0 0.790625 0.426953 0.015625 0.033594
0 0.817578 0.874219 0.021094 0.045312
0 0.079297 0.070703 0.017969 0.038281
0 0.749219 0.832031 0.021875 0.046875
0 0.600000 0.401953 0.017188 0.036719
0 0.453125 0.648438 0.018750 0.040625
0 0.049219 0.284375 0.018750 0.040625
0 0.778516 0.959766 0.021094 0.046094
0 0.760938 0.135937 0.021875 0.046875
0 0.328906 0.696875 0.015625 0.032813
0 0.865625 0.754687 0.012500 0.026562
0 0.972266 0.123047 0.014844 0.032031
0 0.490234 0.979297 0.013281 0.027344
