0 0.614844 0.306250 0.021875 0.046875
0 0.282422 0.596875 0.021094 0.045312
0 0.881641 0.502344 0.016406 0.035937
0 0.416797 0.305469 0.021094 0.045312
0 0.091406 0.745313 0.015625 0.034375
0 0.273828 0.539062 0.019531 0.042188
0 0.475000 0.069922 0.018750 0.041406
0 0.564063 0.875391 0.012500 0.027344
0 0.718750 0.568359 0.018750 0.039844
0 0.835547 0.880078 0.011719 0.025781
0 0.944141 0.123438 0.014844 0.032813
0 0.516406 0.958203 0.012500 0.027344
0 0.743359 0.030859 0.017969 0.039844
0 0.684766 0.403906 0.017969 0.039062
0 0.354687 0.652344 0.012500 0.026562
0 0.496875 0.476172 0.020313 0.044531
0 0.794922 0.619141 0.013281 0.028906
0 0.099219 0.154688 0.017188 0.037500
0 0.612500 0.908203 0.018750 0.041406
0 0.735547 0.522266 0.017969 0.039844
