0 0.349219 0.784375 0.012500 0.026562
0 0.496875 0.198047 0.017188 0.036719
0 0.826562 0.471094 0.021875 0.046875
0 0.406641 0.187500 0.014844 0.032813
0 0.298438 0.170313 0.014063 0.029687
0 0.706641 0.471484 0.021094 0.042969
0 0.730469 0.960547 0.021875 0.047656
0 0.675391 0.855859 0.019531 0.041406
0 0.880859 0.325000 0.021094 0.043750
0 0.758984 0.589453 0.014844 0.032031
0 0.347656 0.064453 0.012500 0.027344
0 0.957422 0.889062 0.021094 0.045312
0 0.896875 0.130469 0.018750 0.039062
0 0.558203 0.646094 0.011719 0.025000
0 0.012500 0.582812 0.017188 0.037500
0 0.975781 0.511328 0.017188 0.035156
0 0.028516 0.138281 0.013281 0.028125
