0 0.455470 0.934027 0.005440 0.015674
0 0.328430 0.377743 0.003627 0.011114
0 0.153435 0.792818 0.004634 0.013679
0 0.365908 0.513537 0.003627 0.011399
0 0.962019 0.472784 0.004634 0.014249
0 0.558936 0.258193 0.004030 0.012539
0 0.010679 0.548589 0.004030 0.012539
0 0.644368 0.245939 0.003627 0.011399
0 0.911848 0.390140 0.005037 0.015389
0 0.365001 0.172984 0.003425 0.010829
0 0.224663 0.886862 0.005239 0.015959
0 0.354120 0.504845 0.003425 0.010544
0 0.840318 0.397692 0.004231 0.012824
0 0.682652 0.977486 0.004836 0.014249
0 0.383337 0.690225 0.005037 0.015389
