0 0.451172 0.155859 0.013281 0.028906
0 0.785937 0.923047 0.018750 0.038281
0 0.280859 0.831641 0.016406 0.035156
0 0.138672 0.182422 0.011719 0.025781
0 0.321875 0.864062 0.012500 0.028125
0 0.269922 0.916016 0.014844 0.032031
0 0.711328 0.437500 0.021094 0.045312
0 0.042969 0.291406 0.021875 0.046875
0 0.239063 0.903125 0.015625 0.032813
0 0.896875 0.259766 0.014063 0.030469
0 0.319141 0.144141 0.022656 0.046094
0 0.289062 0.767969 0.017188 0.037500
0 0.336719 0.214844 0.020313 0.043750
0 0.781641 0.929297 0.017969 0.039844
0 0.459766 0.883203 0.011719 0.025781
0 0.195703 0.689844 0.014844 0.031250
0 0.558594 0.671875 0.020313 0.043750
0 0.676172 0.925391 0.013281 0.028906
0 0.207422 0.298828 0.016406 0.035156
0 0.703516 0.865625 0.013281 0.026562
0 0.824609 0.589063 0.017969 0.039062
0 0.960547 0.109766 0.014844 0.032031
0 0.021094 0.155859 0.020313 0.044531
0 0.726172 0.456641 0.017969 0.038281
