0 0.377734 0.042188 0.013281 0.028125
0 0.556250 0.760156 0.017188 0.037500
0 0.796484 0.235547 0.016406 0.033594
0 0.981641 0.318359 0.022656 0.046094
0 0.758594 0.761719 0.017188 0.037500
0 0.954297 0.867188 0.014844 0.031250
0 0.805469 0.198828 0.018750 0.038281
0 0.892188 0.861328 0.018750 0.038281
0 0.362500 0.874219 0.015625 0.034375
0 0.847656 0.058984 0.018750 0.041406
0 0.420703 0.669141 0.019531 0.042969
0 0.640625 0.686719 0.018750 0.040625
0 0.039453 0.142578 0.016406 0.035156
0 0.624609 0.210938 0.017969 0.039062
0 0.664844 0.967578 0.014063 0.030469
0 0.930859 0.105078 0.013281 0.028906
0 0.192188 0.389062 0.021875 0.046875
0 0.681641 0.027734 0.014844 0.032031
0 0.452344 0.769922 0.017188 0.035156
0 0.609766 0.636328 0.016406 0.035156
0 0.226172 0.516406 0.014844 0.032813
0 0.337891 0.886328 0.014844 0.032031
0 0.019531 0.379688 0.014063 0.029687
0 0.450391 0.436328 0.021094 0.046094
0 0.259766 0.101172 0.014844 0.032031
0 0.146094 0.080469 0.015625 0.032813
