0 0.342187 0.318750 0.014063 0.029687
0 0.389844 0.591797 0.021875 0.046094
0 0.344141 0.318750 0.013281 0.028125
0 0.608984 0.800000 0.021094 0.043750
0 0.955859 0.298438 0.013281 0.028125
0 0.049609 0.658594 0.016406 0.035937
0 0.719531 0.797656 0.017188 0.037500
0 0.007031 0.711719 0.012500 0.026562
0 0.761328 0.941406 0.014844 0.031250
0 0.466016 0.938281 0.014844 0.032813
0 0.736719 0.778125 0.012500 0.026562
0 0.594922 0.439453 0.022656 0.046094
0 0.641016 0.702734 0.017969 0.038281
0 0.488281 0.060937 0.021875 0.046875
0 0.759766 0.132031 0.013281 0.029687
0 0.306250 0.682031 0.017188 0.037500
0 0.128906 0.785547 0.017188 0.036719
0 0.276953 0.743359 0.014844 0.030469
0 0.179297 0.934375 0.019531 0.042188
0 0.180078 0.205469 0.016406 0.035937
0 0.569141 0.319141 0.017969 0.038281
0 0.036719 0.569531 0.017188 0.037500
0 0.770703 0.560937 0.017969 0.039062
0 0.806641 0.160938 0.016406 0.035937
0 0.753906 0.462109 0.017188 0.036719
0 0.301953 0.401953 0.014844 0.032031
0 0.623047 0.757422 0.017969 0.038281
0 0.548047 0.774219 0.019531 0.042188
0 0.071094 0.583984 0.014063 0.030469
0 0.419141 0.746094 0.017969 0.039062
