0 0.744922 0.487109 0.013281 0.028906
0 0.514844 0.079297 0.014063 0.030469
0 0.908984 0.790234 0.014844 0.032031
0 0.015625 0.684766 0.020313 0.042969
0 0.100391 0.129688 0.016406 0.034375
0 0.623437 0.778906 0.018750 0.040625
0 0.640625 0.579688 0.018750 0.040625
0 0.233984 0.178125 0.013281 0.028125
0 0.964453 0.750781 0.017969 0.039062
0 0.614062 0.131250 0.020313 0.043750
0 0.482422 0.340625 0.017969 0.037500
0 0.923047 0.759766 0.021094 0.046094
0 0.555859 0.678906 0.021094 0.043750
0 0.922656 0.882422 0.012500 0.025781
0 0.607812 0.874609 0.018750 0.039844
0 0.069531 0.131641 0.012500 0.027344
0 0.729297 0.667578 0.016406 0.035156
0 0.792188 0.582812 0.018750 0.040625
0 0.864062 0.132812 0.020313 0.043750
0 0.232422 0.873828 0.017969 0.038281
0 0.833984 0.216797 0.019531 0.041406
0 0.764062 0.617969 0.015625 0.032813
0 0.248047 0.509766 0.016406 0.033594
0 0.678125 0.862500 0.020313 0.043750
0 0.578906 0.157031 0.017188 0.037500
0 0.566406 0.764844 0.018750 0.040625
0 0.486719 0.448828 0.017188 0.036719
0 0.762109 0.583203 0.014844 0.032031
