0 0.514062 0.682031 0.015625 0.034375
0 0.767969 0.216016 0.017188 0.036719
0 0.051562 0.788672 0.014063 0.030469
0 0.488672 0.157812 0.014844 0.031250
0 0.395313 0.793750 0.020313 0.043750
0 0.279687 0.823438 0.015625 0.032813
0 0.534766 0.250391 0.021094 0.044531
0 0.544141 0.024609 0.022656 0.046094
0 0.595313 0.732422 0.021875 0.046094
0 0.231250 0.574609 0.020313 0.044531
0 0.860938 0.880469 0.012500 0.026562
0 0.902734 0.816016 0.011719 0.025781
0 0.184375 0.303906 0.021875 0.046875
0 0.622656 0.817969 0.020313 0.043750
0 0.663281 0.605859 0.018750 0.039844
0 0.276562 0.098047 0.018750 0.039844
