0 0.355859 0.152734 0.019531 0.042969
0 0.531250 0.626953 0.012500 0.025781
0 0.407031 0.867969 0.014063 0.031250
0 0.792578 0.421484 0.014844 0.032031
0 0.454688 0.262891 0.012500 0.027344
0 0.920312 0.251172 0.017188 0.036719
0 0.153125 0.808203 0.020313 0.042969
0 0.465625 0.969922 0.018750 0.038281
0 0.456250 0.325781 0.020313 0.043750
0 0.634766 0.702734 0.014844 0.032031
0 0.373437 0.041797 0.018750 0.039844
0 0.282422 0.491797 0.013281 0.027344
0 0.116797 0.929297 0.014844 0.032031
0 0.580078 0.531250 0.016406 0.035937
0 0.358984 0.700000 0.017969 0.039062
0 0.022656 0.869531 0.021875 0.046875
0 0.453516 0.040234 0.019531 0.041406
0 0.802344 0.471094 0.014063 0.031250
0 0.647656 0.097266 0.018750 0.038281
0 0.666406 0.939844 0.015625 0.034375
0 0.371875 0.981641 0.017188 0.036719
0 0.361719 0.964453 0.012500 0.027344
0 0.290234 0.635547 0.011719 0.025781
0 0.373828 0.146484 0.014844 0.032031
0 0.890625 0.930469 0.017188 0.037500
0 0.246484 0.403516 0.021094 0.046094
0 0.010937 0.624609 0.018750 0.039844
0 0.009766 0.309375 0.019531 0.042188
