0 0.654297 0.199219 0.021094 0.045312
0 0.068750 0.265625 0.015625 0.034375
0 0.295312 0.900391 0.017188 0.036719
0 0.909375 0.527344 0.012500 0.026562
0 0.887891 0.769922 0.013281 0.028906
0 0.282031 0.419922 0.018750 0.041406
0 0.557422 0.871484 0.017969 0.036719
0 0.550391 0.482031 0.022656 0.046875
0 0.216016 0.771875 0.013281 0.028125
0 0.148047 0.509766 0.016406 0.033594
0 0.397266 0.667578 0.017969 0.038281
0 0.094531 0.933984 0.014063 0.030469
0 0.136328 0.484766 0.016406 0.033594
0 0.920312 0.536328 0.015625 0.033594
0 0.410156 0.729688 0.017188 0.035937
0 0.460156 0.147266 0.014063 0.030469
0 0.551562 0.600781 0.012500 0.028125
0 0.232422 0.046484 0.021094 0.046094
0 0.102344 0.728906 0.020313 0.043750
0 0.075781 0.485547 0.014063 0.030469
0 0.546484 0.695312 0.016406 0.035937
0 0.718359 0.555469 0.017969 0.037500
0 0.692578 0.575391 0.014844 0.032031
0 0.882031 0.510156 0.015625 0.032813
0 0.181250 0.073828 0.014063 0.030469
0 0.760156 0.428125 0.014063 0.031250
0 0.351953 0.886719 0.014844 0.032813
0 0.449219 0.344141 0.014063 0.030469
0 0.587500 0.087500 0.021875 0.046875
0 0.599609 0.899609 0.016406 0.033594
