0 0.379297 0.751563 0.013281 0.028125
0 0.644531 0.227344 0.021875 0.046875
0 0.265234 0.035547 0.016406 0.035156
0 0.640625 0.788281 0.020313 0.043750
0 0.500781 0.353906 0.012500 0.026562
0 0.423438 0.793359 0.014063 0.030469
0 0.081250 0.107422 0.017188 0.035156
0 0.694141 0.844922 0.021094 0.046094
0 0.937500 0.018359 0.012500 0.027344
0 0.065234 0.271484 0.016406 0.035156
0 0.920312 0.150781 0.020313 0.043750
0 0.209766 0.337109 0.017969 0.039844
0 0.696484 0.727344 0.021094 0.045312
0 0.120703 0.053906 0.019531 0.042188
0 0.204297 0.914844 0.014844 0.032813
0 0.985156 0.035937 0.015625 0.032813
0 0.135156 0.756250 0.014063 0.031250
0 0.425391 0.726953 0.014844 0.030469
0 0.720703 0.722266 0.013281 0.028906
0 0.433203 0.241406 0.021094 0.045312
0 0.181250 0.958203 0.014063 0.030469
