0 0.828125 0.303516 0.014063 0.030469
0 0.985156 0.373828 0.020313 0.042969
0 0.680859 0.428906 0.013281 0.028125
0 0.882812 0.740625 0.021875 0.046875
0 0.213672 0.451562 0.019531 0.042188
0 0.911328 0.509375 0.021094 0.045312
0 0.467187 0.465625 0.017188 0.037500
0 0.850391 0.651953 0.017969 0.039844
0 0.805078 0.506641 0.019531 0.041406
0 0.168359 0.087109 0.017969 0.038281
0 0.808594 0.819141 0.020313 0.042969
0 0.832031 0.215625 0.020313 0.043750
0 0.218750 0.584766 0.020313 0.044531
0 0.478125 0.458984 0.014063 0.030469
0 0.167187 0.304297 0.021875 0.044531
0 0.507422 0.455859 0.017969 0.038281
0 0.103516 0.513281 0.021094 0.045312
0 0.790625 0.241016 0.017188 0.038281
0 0.950781 0.943359 0.015625 0.033594
0 0.760547 0.018750 0.013281 0.028125
0 0.567969 0.575781 0.017188 0.037500
0 0.677734 0.696094 0.016406 0.035937
0 0.888281 0.586719 0.014063 0.031250
0 0.483594 0.729297 0.018750 0.039844
0 0.069531 0.766016 0.012500 0.027344
