0 0.831151 0.339840 0.004433 0.013394
0 0.129357 0.850385 0.004030 0.011969
0 0.012190 0.326304 0.004634 0.014249
0 0.350393 0.714591 0.005239 0.015104
0 0.157868 0.292249 0.004231 0.012824
0 0.910739 0.131376 0.005239 0.015959
0 0.689099 0.836848 0.003627 0.011114
0 0.629559 0.389285 0.004231 0.012539
0 0.970179 0.707467 0.004836 0.015104
0 0.838203 0.356797 0.004836 0.014249
0 0.686883 0.140781 0.004030 0.012539
0 0.593895 0.946281 0.004231 0.012824
0 0.591880 0.874608 0.005037 0.014819
0 0.925952 0.767028 0.003828 0.011684
