0 0.606387 0.829581 0.003425 0.010829
0 0.275237 0.696210 0.004030 0.012539
0 0.607495 0.072528 0.005239 0.015104
0 0.120592 0.563123 0.004634 0.014249
0 0.114850 0.200912 0.003627 0.011399
0 0.661193 0.587347 0.004634 0.014249
0 0.438847 0.407524 0.004030 0.012539
0 0.359057 0.302365 0.004433 0.013679
0 0.446706 0.928327 0.004030 0.012254
0 0.412452 0.231405 0.005239 0.015389
0 0.454765 0.744087 0.004030 0.012539
0 0.562160 0.436022 0.004030 0.012539
0 0.492646 0.726988 0.003627 0.010829
0 0.952247 0.491023 0.004030 0.012539
