0 0.825781 0.400391 0.017188 0.036719
0 0.864844 0.268750 0.012500 0.028125
0 0.417969 0.715234 0.021875 0.044531
0 0.464844 0.769531 0.014063 0.031250
0 0.957812 0.546875 0.015625 0.034375
0 0.321484 0.647266 0.017969 0.038281
0 0.616406 0.711328 0.014063 0.030469
0 0.797656 0.842969 0.012500 0.028125
0 0.478125 0.466406 0.018750 0.040625
0 0.875000 0.210547 0.012500 0.027344
0 0.470703 0.889844 0.019531 0.042188
0 0.960938 0.136719 0.014063 0.031250
0 0.666797 0.239063 0.016406 0.034375
0 0.438672 0.757812 0.017969 0.037500
0 0.056250 0.550000 0.012500 0.026562
0 0.414062 0.833594 0.015625 0.034375
0 0.369141 0.183984 0.013281 0.028906
0 0.562500 0.770703 0.021875 0.047656
0 0.125391 0.817187 0.013281 0.029687
0 0.106641 0.820312 0.013281 0.029687
0 0.321484 0.404297 0.011719 0.025781
0 0.816797 0.704297 0.014844 0.032031
0 0.502734 0.926172 0.021094 0.042969
0 0.049609 0.936719 0.016406 0.035937
