0 0.340625 0.939063 0.015625 0.034375
0 0.871484 0.542188 0.021094 0.043750
0 0.673047 0.139063 0.017969 0.039062
0 0.255469 0.084375 0.020313 0.043750
0 0.104297 0.611328 0.019531 0.041406
0 0.742188 0.084375 0.020313 0.043750
0 0.488281 0.757812 0.014063 0.029687
0 0.194141 0.808594 0.019531 0.042188
0 0.313281 0.977734 0.015625 0.032031
0 0.012109 0.976172 0.017969 0.038281
0 0.412891 0.253516 0.017969 0.038281
0 0.535937 0.260547 0.015625 0.032031
0 0.773438 0.042188 0.018750 0.040625
0 0.719141 0.892188 0.017969 0.039062
0 0.027734 0.325391 0.016406 0.033594
0 0.196875 0.767969 0.017188 0.037500
0 0.594531 0.578906 0.014063 0.031250
0 0.057422 0.276172 0.021094 0.046094
0 0.516406 0.620313 0.012500 0.026562
0 0.041406 0.500000 0.020313 0.043750
0 0.746484 0.842187 0.017969 0.039062
0 0.776563 0.757812 0.017188 0.037500
0 0.036328 0.769531 0.021094 0.045312
0 0.330469 0.163281 0.021875 0.046875
0 0.763281 0.822266 0.014063 0.030469
0 0.781250 0.802734 0.017188 0.036719
0 0.245312 0.026172 0.020313 0.044531
0 0.820312 0.076953 0.018750 0.041406
0 0.027344 0.620703 0.020313 0.044531
