0 0.745215 0.642633 0.004231 0.013109
0 0.038686 0.450413 0.004433 0.013394
0 0.166230 0.906954 0.004030 0.012254
0 0.079186 0.161727 0.004836 0.014534
0 0.153738 0.328441 0.004836 0.015104
0 0.609712 0.545882 0.004836 0.015104
0 0.641346 0.167284 0.005239 0.015959
0 0.950030 0.588629 0.004433 0.013394
0 0.057929 0.447136 0.005037 0.015389
0 0.910941 0.391707 0.004433 0.013394
0 0.355128 0.415788 0.003425 0.010829
0 0.873766 0.252636 0.005440 0.015674
0 0.125327 0.877315 0.004433 0.013394
0 0.026194 0.430037 0.003627 0.011399
0 0.602458 0.163579 0.004030 0.011969
