0 0.517578 0.489453 0.014844 0.032031
0 0.943359 0.663672 0.021094 0.046094
0 0.722656 0.026172 0.017188 0.036719
0 0.739062 0.222656 0.021875 0.046875
0 0.442969 0.922656 0.015625 0.032813
0 0.461719 0.882812 0.021875 0.046875
0 0.649219 0.914062 0.015625 0.034375
0 0.367188 0.920703 0.015625 0.033594
0 0.533984 0.274219 0.021094 0.045312
0 0.605469 0.502734 0.015625 0.033594
0 0.244141 0.626563 0.021094 0.045312
0 0.258203 0.600391 0.014844 0.032031
0 0.992969 0.810156 0.012500 0.026562
0 0.686719 0.606641 0.015625 0.033594
0 0.339844 0.920703 0.020313 0.042969
0 0.450000 0.095312 0.017188 0.037500
0 0.789453 0.537891 0.011719 0.025781
0 0.428125 0.196094 0.017188 0.037500
0 0.716016 0.626172 0.014844 0.032031
0 0.203125 0.681641 0.020313 0.042969
0 0.710938 0.270703 0.012500 0.027344
0 0.219141 0.572656 0.019531 0.042188
0 0.814453 0.275000 0.016406 0.035937
0 0.282031 0.507422 0.021875 0.046094
0 0.181250 0.147266 0.017188 0.036719
0 0.408203 0.923047 0.013281 0.028906
0 0.482031 0.950000 0.021875 0.046875
0 0.910547 0.087891 0.019531 0.041406
