0 0.893359 0.220312 0.019531 0.042188
0 0.645703 0.466016 0.014844 0.032031
0 0.017578 0.405859 0.019531 0.041406
0 0.943359 0.180469 0.021094 0.045312
0 0.280078 0.432422 0.011719 0.025781
0 0.232031 0.937891 0.021875 0.046094
0 0.328906 0.360156 0.018750 0.040625
0 0.119922 0.125000 0.021094 0.045312
0 0.957422 0.092969 0.017969 0.039062
0 0.129297 0.325781 0.013281 0.028125
0 0.584375 0.460156 0.020313 0.042188
0 0.230859 0.316016 0.019531 0.039844
0 0.719922 0.578906 0.013281 0.029687
0 0.358594 0.136328 0.015625 0.033594
0 0.114844 0.210938 0.021875 0.046875
