0 0.918750 0.282422 0.014063 0.030469
0 0.266797 0.908203 0.016406 0.035156
0 0.276953 0.595703 0.019531 0.042969
0 0.414062 0.316016 0.018750 0.039844
0 0.206641 0.670312 0.013281 0.029687
0 0.333203 0.222266 0.017969 0.038281
0 0.301953 0.053906 0.013281 0.028125
0 0.510938 0.243359 0.020313 0.044531
0 0.475000 0.117188 0.018750 0.040625
0 0.591406 0.266016 0.018750 0.039844
0 0.098437 0.841797 0.018750 0.038281
0 0.253906 0.885547 0.017188 0.036719
0 0.316406 0.839844 0.012500 0.026562
0 0.492188 0.409375 0.021875 0.046875
0 0.845703 0.321094 0.019531 0.040625
0 0.023438 0.066016 0.018750 0.041406
0 0.439453 0.553516 0.016406 0.035156
0 0.652734 0.197656 0.019531 0.042188
0 0.146094 0.390234 0.018750 0.038281
0 0.631641 0.761719 0.017969 0.039062
0 0.767969 0.962891 0.020313 0.044531
0 0.677734 0.485156 0.016406 0.035937
0 0.505859 0.939844 0.014844 0.031250
0 0.765625 0.234375 0.015625 0.034375
0 0.966406 0.653125 0.014063 0.029687
0 0.112891 0.369141 0.013281 0.028906
0 0.928906 0.762500 0.018750 0.040625
