0 0.701172 0.148828 0.021094 0.044531
0 0.361328 0.580469 0.016406 0.035937
0 0.427734 0.762500 0.013281 0.028125
0 0.239063 0.198828 0.015625 0.033594
0 0.490625 0.930078 0.020313 0.042969
0 0.237891 0.856250 0.013281 0.029687
0 0.173828 0.606641 0.013281 0.028906
0 0.537109 0.783984 0.019531 0.042969
0 0.658984 0.240625 0.014844 0.031250
0 0.396094 0.133594 0.015625 0.034375
0 0.122266 0.091016 0.019531 0.042969
0 0.917578 0.131641 0.014844 0.032031
0 0.783203 0.133203 0.022656 0.046094
0 0.873437 0.923047 0.020313 0.044531
0 0.182422 0.631641 0.021094 0.042969
0 0.595313 0.822656 0.021875 0.046875
0 0.955469 0.740625 0.015625 0.032813
0 0.891797 0.048438 0.017969 0.037500
0 0.252344 0.488672 0.020313 0.044531
0 0.138672 0.631250 0.017969 0.039062
0 0.169531 0.717578 0.017188 0.036719
