0 0.008203 0.893750 0.014844 0.032813
0 0.540625 0.887891 0.021875 0.044531
0 0.270703 0.210547 0.014844 0.032031
0 0.190234 0.923828 0.013281 0.027344
0 0.755078 0.409766 0.016406 0.035156
0 0.925781 0.237109 0.017188 0.036719
0 0.722656 0.765234 0.018750 0.039844
0 0.864453 0.077734 0.017969 0.038281
0 0.028906 0.751953 0.012500 0.027344
0 0.592187 0.714063 0.014063 0.029687
0 0.185547 0.439063 0.017969 0.039062
0 0.642188 0.860547 0.014063 0.030469
0 0.870703 0.471484 0.019531 0.039844
0 0.708984 0.710547 0.014844 0.032031
