0 0.339453 0.675781 0.021094 0.045312
0 0.274609 0.420703 0.013281 0.028906
0 0.023828 0.203516 0.011719 0.025781
0 0.225391 0.437891 0.013281 0.028906
0 0.711328 0.324609 0.011719 0.025781
0 0.479297 0.272266 0.014844 0.032031
0 0.065234 0.146484 0.017969 0.038281
0 0.467187 0.153125 0.015625 0.032813
0 0.740234 0.642188 0.021094 0.045312
0 0.490625 0.237500 0.020313 0.043750
0 0.714453 0.442578 0.017969 0.038281
0 0.683203 0.633594 0.013281 0.029687
0 0.167578 0.516797 0.011719 0.025781
0 0.177344 0.136328 0.020313 0.044531
