0 0.587891 0.777734 0.011719 0.025781
0 0.493750 0.632812 0.014063 0.031250
0 0.175781 0.966797 0.012500 0.027344
0 0.843359 0.070703 0.017969 0.039844
0 0.522656 0.521484 0.014063 0.030469
0 0.576562 0.751953 0.015625 0.032031
0 0.407813 0.281250 0.012500 0.026562
0 0.950391 0.410547 0.022656 0.046094
0 0.966016 0.924609 0.016406 0.035156
0 0.882422 0.172656 0.014844 0.031250
0 0.026953 0.075000 0.021094 0.045312
0 0.813672 0.471094 0.017969 0.039062
0 0.370312 0.111328 0.014063 0.028906
0 0.884766 0.557422 0.016406 0.035156
