0 0.933203 0.919531 0.011719 0.025000
0 0.317188 0.644531 0.020313 0.042188
0 0.893750 0.458594 0.014063 0.031250
0 0.526172 0.912891 0.017969 0.038281
0 0.205469 0.393750 0.017188 0.037500
0 0.398047 0.359375 0.019531 0.040625
0 0.122266 0.936719 0.014844 0.032813
0 0.907422 0.427734 0.021094 0.046094
0 0.079297 0.062891 0.021094 0.046094
0 0.107813 0.885547 0.017188 0.036719
0 0.332031 0.646484 0.012500 0.027344
0 0.802344 0.026953 0.017188 0.038281
0 0.457813 0.877344 0.014063 0.029687
0 0.945703 0.619141 0.021094 0.046094
0 0.318359 0.109766 0.016406 0.035156
0 0.770312 0.249219 0.017188 0.037500
0 0.098047 0.278125 0.019531 0.040625
0 0.600000 0.742969 0.021875 0.046875
0 0.041797 0.225000 0.021094 0.045312
0 0.623437 0.117969 0.012500 0.026562
0 0.953125 0.083203 0.018750 0.041406
0 0.198047 0.400000 0.013281 0.028125
0 0.163672 0.740625 0.016406 0.035937
0 0.728516 0.939453 0.014844 0.032031
0 0.036719 0.450391 0.021875 0.044531
