0 0.893359 0.512891 0.014844 0.032031
0 0.166797 0.678516 0.021094 0.046094
0 0.650000 0.917188 0.015625 0.032813
0 0.506250 0.634766 0.020313 0.041406
0 0.279687 0.037109 0.012500 0.027344
0 0.535937 0.160156 0.021875 0.046875
0 0.552344 0.321875 0.020313 0.043750
0 0.430078 0.052734 0.013281 0.028906
0 0.637500 0.416797 0.020313 0.042969
0 0.696484 0.219531 0.014844 0.032813
0 0.765625 0.364063 0.020313 0.043750
0 0.622266 0.573438 0.017969 0.039062
0 0.620313 0.962891 0.018750 0.039844
0 0.205469 0.330078 0.014063 0.030469
0 0.698047 0.766797 0.014844 0.032031
0 0.457813 0.922266 0.020313 0.044531
0 0.035937 0.863281 0.018750 0.040625
0 0.850781 0.373828 0.012500 0.025781
0 0.164062 0.459375 0.017188 0.037500
0 0.186328 0.239844 0.021094 0.043750
0 0.104688 0.119531 0.012500 0.026562
0 0.548828 0.437500 0.014844 0.031250
0 0.607422 0.465234 0.014844 0.032031
0 0.236719 0.679688 0.018750 0.040625
0 0.679688 0.048438 0.017188 0.035937
0 0.288281 0.163672 0.017188 0.036719
0 0.106250 0.751563 0.014063 0.029687
0 0.137500 0.945312 0.015625 0.034375
0 0.860938 0.957812 0.021875 0.046875
0 0.169531 0.858594 0.015625 0.034375
