0 0.429688 0.830859 0.014063 0.030469
0 0.118750 0.529687 0.015625 0.032813
0 0.445703 0.466797 0.016406 0.035156
0 0.646094 0.676172 0.020313 0.044531
0 0.681641 0.040234 0.017969 0.039844
0 0.035156 0.962500 0.012500 0.026562
0 0.103516 0.073828 0.017969 0.039844
0 0.842578 0.883203 0.013281 0.028906
0 0.711719 0.616016 0.017188 0.036719
0 0.733984 0.215234 0.019531 0.041406
0 0.224219 0.276172 0.017188 0.036719
0 0.733594 0.201172 0.014063 0.028906
0 0.860156 0.719141 0.015625 0.033594
0 0.012500 0.777344 0.015625 0.032813
0 0.691406 0.645312 0.020313 0.043750
0 0.178125 0.594922 0.021875 0.046094
0 0.144531 0.448047 0.012500 0.027344
0 0.023438 0.748437 0.015625 0.034375
0 0.498828 0.523438 0.017969 0.039062
0 0.957422 0.561719 0.021094 0.045312
0 0.294922 0.701953 0.021094 0.044531
0 0.638281 0.353516 0.017188 0.036719
0 0.428516 0.970313 0.021094 0.045312
0 0.476953 0.920703 0.016406 0.035156
0 0.954297 0.736328 0.016406 0.035156
0 0.977344 0.318359 0.020313 0.041406
0 0.967578 0.047266 0.014844 0.032031
0 0.374219 0.195703 0.014063 0.030469
0 0.744141 0.062109 0.019531 0.041406
