0 0.082812 0.886719 0.018750 0.039062
0 0.280078 0.571094 0.014844 0.031250
0 0.950391 0.617188 0.013281 0.029687
0 0.482422 0.179688 0.014844 0.031250
0 0.508594 0.963281 0.018750 0.040625
0 0.594141 0.150391 0.014844 0.032031
0 0.633984 0.151562 0.011719 0.026562
0 0.310547 0.294922 0.014844 0.032031
0 0.873437 0.082422 0.017188 0.036719
0 0.211719 0.979688 0.017188 0.035937
0 0.795703 0.544922 0.016406 0.035156
0 0.101953 0.262109 0.016406 0.035156
0 0.989844 0.305469 0.020313 0.043750
0 0.748437 0.287109 0.020313 0.044531
0 0.301563 0.171875 0.015625 0.034375
0 0.764844 0.310547 0.021875 0.046094
0 0.186719 0.896875 0.015625 0.032813
0 0.360938 0.591016 0.015625 0.033594
0 0.328516 0.789844 0.014844 0.031250
0 0.894922 0.967187 0.021094 0.045312
0 0.364844 0.854297 0.018750 0.039844
0 0.306641 0.421875 0.016406 0.035937
