0 0.921484 0.940234 0.016406 0.035156
0 0.213672 0.204297 0.013281 0.028906
0 0.882422 0.480469 0.013281 0.028125
0 0.676172 0.629687 0.022656 0.046875
0 0.450000 0.019141 0.017188 0.036719
0 0.544141 0.150781 0.021094 0.043750
0 0.592187 0.148438 0.020313 0.043750
0 0.699219 0.209766 0.017188 0.036719
0 0.583594 0.219531 0.020313 0.043750
0 0.922656 0.146875 0.015625 0.032813
0 0.403516 0.297656 0.021094 0.045312
0 0.096484 0.140625 0.016406 0.035937
0 0.934766 0.700781 0.014844 0.029687
0 0.598828 0.169531 0.022656 0.046875
0 0.204687 0.445703 0.015625 0.032031
0 0.388281 0.664453 0.018750 0.041406
0 0.175391 0.232031 0.013281 0.029687
0 0.383984 0.077734 0.014844 0.032031
0 0.064844 0.128516 0.017188 0.038281
0 0.723828 0.389062 0.014844 0.031250
0 0.530078 0.043359 0.021094 0.046094
0 0.938281 0.784375 0.012500 0.028125
0 0.189844 0.032422 0.014063 0.030469
0 0.627344 0.465234 0.017188 0.036719
