0 0.266797 0.140234 0.016406 0.035156
0 0.718750 0.958594 0.020313 0.043750
0 0.719531 0.422656 0.018750 0.040625
0 0.682813 0.779687 0.018750 0.039062
0 0.686328 0.255859 0.019531 0.039844
0 0.025000 0.474219 0.012500 0.026562
0 0.659766 0.210156 0.011719 0.026562
0 0.773828 0.902344 0.017969 0.039062
0 0.723047 0.262891 0.011719 0.025781
0 0.483203 0.391797 0.017969 0.038281
0 0.421094 0.932422 0.017188 0.036719
0 0.060937 0.500000 0.017188 0.037500
0 0.904297 0.576172 0.019531 0.041406
0 0.482422 0.740625 0.021094 0.045312
0 0.212500 0.652734 0.012500 0.027344
0 0.129297 0.475000 0.017969 0.039062
0 0.757031 0.570703 0.020313 0.042969
0 0.584766 0.637109 0.021094 0.046094
0 0.150000 0.977344 0.020313 0.042188
0 0.050781 0.033203 0.017188 0.035156
0 0.119531 0.661328 0.017188 0.036719
0 0.621484 0.700000 0.019531 0.042188
0 0.839844 0.633594 0.014063 0.028125
0 0.454688 0.716016 0.020313 0.042969
0 0.595313 0.132812 0.015625 0.034375
