0 0.527403 0.068253 0.005037 0.015104
0 0.693935 0.636791 0.004433 0.013394
0 0.771912 0.297663 0.003627 0.011114
0 0.418497 0.400256 0.004030 0.012254
0 0.334173 0.799943 0.005440 0.015959
0 0.211263 0.948276 0.004634 0.013964
0 0.544630 0.888857 0.003627 0.010829
0 0.513198 0.396409 0.003627 0.011399
0 0.452851 0.222856 0.004231 0.013109
0 0.671771 0.620832 0.004030 0.012254
0 0.658876 0.024081 0.004030 0.012254
0 0.864800 0.919208 0.004433 0.013394
0 0.817046 0.452408 0.004836 0.013964
0 0.321781 0.863209 0.003627 0.010829
0 0.878501 0.568396 0.004433 0.013394
