0 0.972266 0.720703 0.016406 0.033594
0 0.197656 0.354297 0.018750 0.039844
0 0.243359 0.093359 0.019531 0.041406
0 0.091406 0.885156 0.017188 0.037500
0 0.282422 0.073828 0.011719 0.025781
0 0.534766 0.398047 0.016406 0.035156
0 0.212500 0.374219 0.017188 0.037500
0 0.856641 0.258984 0.014844 0.032031
0 0.771875 0.983594 0.015625 0.032813
0 0.367188 0.785547 0.014063 0.028906
0 0.865234 0.559766 0.021094 0.046094
0 0.783984 0.024219 0.021094 0.043750
0 0.592969 0.971094 0.017188 0.037500
0 0.015234 0.512891 0.017969 0.039844
0 0.480859 0.104688 0.013281 0.029687
0 0.507031 0.599609 0.020313 0.044531
0 0.410938 0.328125 0.014063 0.029687
0 0.491406 0.534375 0.018750 0.040625
0 0.071875 0.157422 0.017188 0.036719
0 0.237500 0.706250 0.012500 0.026562
0 0.180078 0.539453 0.019531 0.039844
0 0.095312 0.405859 0.012500 0.027344
0 0.982812 0.523047 0.021875 0.044531
0 0.399609 0.078516 0.013281 0.028906
0 0.695703 0.277344 0.014844 0.032813
0 0.357812 0.302734 0.020313 0.041406
0 0.476172 0.517969 0.013281 0.029687
0 0.989062 0.157812 0.020313 0.043750
