0 0.038281 0.090625 0.017188 0.037500
0 0.677734 0.889453 0.011719 0.025781
0 0.210156 0.207031 0.017188 0.037500
0 0.420312 0.329297 0.015625 0.033594
0 0.021875 0.237891 0.020313 0.041406
0 0.332031 0.896094 0.018750 0.040625
0 0.873437 0.165625 0.021875 0.046875
0 0.206250 0.666016 0.017188 0.036719
0 0.383203 0.938672 0.022656 0.046094
0 0.175781 0.163672 0.018750 0.039844
0 0.359766 0.360547 0.021094 0.046094
0 0.848828 0.849609 0.021094 0.044531
0 0.449609 0.368750 0.021094 0.045312
0 0.801562 0.806250 0.017188 0.037500
0 0.756641 0.529687 0.016406 0.035937
