0 0.220312 0.351562 0.012500 0.026562
0 0.157422 0.367578 0.017969 0.038281
0 0.497266 0.702734 0.014844 0.032031
0 0.983594 0.042578 0.017188 0.036719
0 0.403125 0.906250 0.017188 0.037500
0 0.553516 0.094922 0.014844 0.030469
0 0.382031 0.891797 0.012500 0.027344
0 0.294141 0.553906 0.016406 0.035937
0 0.306250 0.817969 0.012500 0.026562
0 0.439453 0.564453 0.017969 0.038281
0 0.758203 0.216016 0.013281 0.028906
0 0.506641 0.166797 0.013281 0.027344
0 0.947266 0.139844 0.013281 0.028125
0 0.719141 0.791016 0.017969 0.036719
0 0.623828 0.243359 0.014844 0.032031
0 0.500000 0.167969 0.021875 0.046875
0 0.272656 0.656641 0.020313 0.041406
0 0.392578 0.254297 0.013281 0.028906
0 0.512109 0.358203 0.017969 0.038281
0 0.226172 0.922266 0.017969 0.038281
0 0.386328 0.754297 0.014844 0.032031
0 0.847266 0.081250 0.019531 0.042188
0 0.702344 0.758594 0.017188 0.035937
0 0.919141 0.719922 0.017969 0.038281
0 0.412109 0.044141 0.021094 0.042969
0 0.048438 0.460156 0.021875 0.046875
