0 0.241699 0.310988 0.012695 0.038701
0 0.898926 0.169316 0.011719 0.035936
0 0.440186 0.829993 0.009277 0.029026
0 0.743164 0.696959 0.008789 0.026952
0 0.727295 0.573255 0.011230 0.033863
0 0.788086 0.495508 0.009766 0.029026
0 0.448730 0.458880 0.012695 0.038701
0 0.444580 0.566690 0.009277 0.029026
0 0.991211 0.912923 0.009766 0.029026
0 0.367676 0.696959 0.011719 0.036628
0 0.258301 0.596061 0.008789 0.026952
0 0.072021 0.446441 0.013184 0.038701
0 0.107422 0.429509 0.012695 0.038010
0 0.028564 0.853836 0.009277 0.028334
0 0.517090 0.810643 0.009766 0.030408
