0 0.854297 0.603516 0.014844 0.032031
0 0.953516 0.567578 0.014844 0.030469
0 0.441406 0.475781 0.018750 0.040625
0 0.872266 0.800781 0.019531 0.042188
0 0.813672 0.867578 0.021094 0.046094
0 0.430469 0.723437 0.014063 0.031250
0 0.016016 0.216406 0.014844 0.031250
0 0.682813 0.681641 0.018750 0.039844
0 0.846094 0.754687 0.014063 0.029687
0 0.143750 0.127344 0.021875 0.045312
0 0.338281 0.237109 0.020313 0.041406
0 0.678125 0.437891 0.015625 0.033594
0 0.039453 0.500000 0.014844 0.031250
0 0.408984 0.242969 0.014844 0.031250
0 0.854688 0.590234 0.017188 0.036719
0 0.216406 0.829297 0.014063 0.030469
0 0.405078 0.419531 0.022656 0.046875
0 0.800391 0.597266 0.016406 0.035156
0 0.816406 0.734375 0.012500 0.026562
0 0.968359 0.277344 0.017969 0.039062
0 0.547656 0.436719 0.017188 0.035937
