0 0.986719 0.032813 0.015625 0.034375
0 0.012500 0.333203 0.012500 0.025781
0 0.102734 0.641406 0.021094 0.045312
0 0.844531 0.292187 0.012500 0.026562
0 0.610938 0.143359 0.018750 0.039844
0 0.797656 0.802734 0.018750 0.041406
0 0.199219 0.816406 0.017188 0.037500
0 0.976953 0.787500 0.013281 0.029687
0 0.796875 0.073047 0.021875 0.046094
0 0.962500 0.724609 0.014063 0.030469
0 0.419141 0.965625 0.014844 0.031250
0 0.853125 0.061328 0.012500 0.027344
0 0.433984 0.090625 0.014844 0.032813
0 0.855859 0.140625 0.013281 0.028125
0 0.351562 0.660156 0.014063 0.031250
0 0.872266 0.249219 0.014844 0.032813
0 0.187891 0.921875 0.021094 0.045312
0 0.535937 0.793750 0.020313 0.043750
0 0.332031 0.442188 0.015625 0.034375
0 0.955078 0.194141 0.016406 0.033594
0 0.314453 0.665625 0.017969 0.039062
0 0.892578 0.240234 0.013281 0.028906
0 0.967969 0.580859 0.021875 0.044531
