0 0.694237 0.250499 0.005037 0.015389
0 0.748942 0.674409 0.004433 0.013394
0 0.469474 0.548019 0.004836 0.014819
0 0.885654 0.096466 0.004634 0.013964
0 0.863288 0.897692 0.004231 0.012539
0 0.373967 0.701767 0.004030 0.012254
0 0.537377 0.636649 0.004433 0.013109
0 0.822083 0.548162 0.004030 0.012254
0 0.338001 0.209889 0.004634 0.014534
0 0.755390 0.327301 0.004030 0.012254
0 0.993351 0.011827 0.004433 0.013394
0 0.667842 0.278284 0.003828 0.011684
0 0.615152 0.472927 0.004836 0.015104
0 0.397743 0.792249 0.004030 0.011969
