0 0.113672 0.162500 0.014844 0.032813
0 0.832422 0.864062 0.021094 0.045312
0 0.360156 0.164062 0.012500 0.026562
0 0.150000 0.612891 0.015625 0.033594
0 0.099219 0.372656 0.018750 0.040625
0 0.095703 0.630469 0.016406 0.034375
0 0.350781 0.665625 0.012500 0.026562
0 0.945703 0.065234 0.013281 0.028906
0 0.970313 0.062500 0.014063 0.029687
0 0.423047 0.761328 0.019531 0.041406
0 0.230078 0.232422 0.014844 0.032031
0 0.265234 0.937891 0.013281 0.028906
0 0.833594 0.526172 0.017188 0.036719
0 0.035547 0.621094 0.016406 0.035937
0 0.842969 0.529687 0.018750 0.040625
0 0.358203 0.095703 0.013281 0.028906
0 0.041016 0.042578 0.014844 0.032031
0 0.834375 0.066406 0.014063 0.031250
0 0.739062 0.152734 0.012500 0.027344
0 0.389453 0.425000 0.019531 0.042188
0 0.941406 0.082422 0.020313 0.044531
0 0.228125 0.196094 0.015625 0.034375
0 0.963281 0.983594 0.014063 0.029687
0 0.719531 0.555469 0.012500 0.028125
0 0.078516 0.281641 0.013281 0.028906
