0 0.800000 0.606641 0.018750 0.039844
0 0.079687 0.738281 0.012500 0.026562
0 0.701562 0.868359 0.012500 0.027344
0 0.561328 0.313672 0.019531 0.042969
0 0.411719 0.589844 0.015625 0.031250
0 0.340234 0.898047 0.019531 0.039844
0 0.451953 0.402344 0.013281 0.028125
0 0.272656 0.519531 0.014063 0.031250
0 0.400781 0.272266 0.012500 0.027344
0 0.365625 0.672266 0.012500 0.027344
0 0.053906 0.918359 0.012500 0.025781
0 0.576172 0.868750 0.011719 0.026562
0 0.933203 0.483594 0.016406 0.035937
0 0.914453 0.458203 0.019531 0.039844
0 0.676562 0.727734 0.021875 0.047656
0 0.623828 0.586719 0.017969 0.039062
0 0.077734 0.933984 0.016406 0.035156
0 0.046094 0.234766 0.021875 0.044531
0 0.285547 0.847266 0.021094 0.046094
0 0.498437 0.598828 0.014063 0.030469
0 0.058203 0.348828 0.017969 0.038281
0 0.826562 0.901172 0.018750 0.039844
0 0.987500 0.628906 0.018750 0.040625
0 0.167969 0.220312 0.015625 0.032813
0 0.982812 0.958984 0.018750 0.039844
0 0.356250 0.368750 0.014063 0.029687
0 0.691016 0.895703 0.016406 0.035156
