0 0.626953 0.798047 0.019531 0.041406
0 0.902734 0.642188 0.022656 0.046875
0 0.507422 0.940625 0.019531 0.042188
0 0.225391 0.504297 0.017969 0.038281
0 0.364063 0.599219 0.014063 0.029687
0 0.749219 0.877344 0.012500 0.026562
0 0.735547 0.400391 0.013281 0.028906
0 0.760938 0.266797 0.012500 0.027344
0 0.347656 0.743750 0.012500 0.026562
0 0.854688 0.950391 0.014063 0.030469
0 0.665625 0.805469 0.014063 0.029687
0 0.172266 0.379297 0.021094 0.042969
0 0.645312 0.704297 0.012500 0.027344
0 0.506641 0.782031 0.013281 0.028125
0 0.347656 0.870313 0.015625 0.034375
0 0.936328 0.824609 0.021094 0.046094
0 0.547266 0.823828 0.014844 0.032031
0 0.014844 0.950391 0.014063 0.028906
0 0.692187 0.774219 0.017188 0.037500
0 0.569141 0.308594 0.014844 0.032813
