0 0.239258 0.465100 0.008789 0.026261
0 0.084961 0.678991 0.009766 0.029717
0 0.547363 0.061852 0.011719 0.035245
0 0.416016 0.166897 0.010742 0.033863
0 0.571289 0.254319 0.009766 0.030408
0 0.344971 0.950242 0.010254 0.031790
0 0.575439 0.280581 0.009277 0.029026
0 0.224854 0.619558 0.009277 0.028334
0 0.029541 0.224257 0.009277 0.028334
0 0.150879 0.288874 0.008789 0.026261
0 0.899658 0.526952 0.010254 0.031099
0 0.226562 0.845888 0.010742 0.033172
0 0.804199 0.082585 0.010742 0.032481
0 0.370361 0.742571 0.012207 0.038010
0 0.478271 0.550795 0.010254 0.030408
