0 0.102559 0.545597 0.005239 0.015674
0 0.814930 0.867769 0.003425 0.010829
0 0.376285 0.495440 0.004634 0.014534
0 0.301934 0.303790 0.003828 0.011399
0 0.777050 0.867911 0.005037 0.015674
0 0.952347 0.813337 0.005037 0.015389
0 0.273826 0.651895 0.004836 0.013964
0 0.648096 0.178826 0.004231 0.012824
0 0.096212 0.986178 0.004634 0.013964
0 0.367822 0.247079 0.003828 0.011399
0 0.871952 0.775150 0.003425 0.010829
0 0.568205 0.463665 0.004433 0.013679
0 0.362885 0.511257 0.004030 0.012539
0 0.400866 0.405101 0.004634 0.013394
