0 0.173340 0.723220 0.010742 0.032481
0 0.882324 0.093988 0.011719 0.035936
0 0.940430 0.030753 0.011719 0.035245
0 0.570068 0.717346 0.010254 0.031790
0 0.091064 0.604699 0.012207 0.035936
0 0.331299 0.229095 0.012207 0.038010
0 0.935059 0.739806 0.012695 0.038010
0 0.291260 0.184520 0.008301 0.026261
0 0.583740 0.111610 0.013184 0.038010
0 0.018311 0.136144 0.010254 0.030408
0 0.816162 0.131652 0.010254 0.031099
0 0.553711 0.805114 0.012695 0.038701
0 0.960205 0.703870 0.009277 0.028334
0 0.818359 0.281963 0.009766 0.030408
