0 0.173047 0.864844 0.013281 0.029687
0 0.162500 0.570703 0.017188 0.036719
0 0.551953 0.548828 0.011719 0.025781
0 0.864062 0.556250 0.018750 0.040625
0 0.943750 0.766406 0.014063 0.031250
0 0.062891 0.835156 0.013281 0.029687
0 0.810547 0.765234 0.017969 0.038281
0 0.412109 0.682031 0.019531 0.042188
0 0.237500 0.473438 0.020313 0.043750
0 0.855078 0.409766 0.016406 0.035156
0 0.220703 0.971875 0.019531 0.042188
0 0.116016 0.808203 0.011719 0.025781
0 0.183594 0.758594 0.012500 0.026562
0 0.314844 0.091406 0.020313 0.043750
0 0.737891 0.628906 0.014844 0.032813
0 0.600781 0.629687 0.015625 0.034375
0 0.785547 0.953516 0.011719 0.025781
0 0.084375 0.831250 0.017188 0.037500
0 0.223438 0.673047 0.014063 0.030469
0 0.497656 0.725781 0.018750 0.040625
0 0.149609 0.136328 0.011719 0.025781
0 0.988672 0.219141 0.011719 0.025781
