0 0.042578 0.519922 0.011719 0.025781
0 0.487109 0.417969 0.017969 0.037500
0 0.032031 0.287109 0.017188 0.036719
0 0.546094 0.621484 0.018750 0.041406
0 0.068359 0.427734 0.013281 0.028906
0 0.126172 0.111328 0.014844 0.032031
0 0.231250 0.255078 0.017188 0.036719
0 0.378516 0.433984 0.014844 0.032031
0 0.401562 0.194141 0.020313 0.044531
0 0.604688 0.360938 0.014063 0.031250
0 0.921484 0.948047 0.016406 0.035156
0 0.926172 0.167578 0.013281 0.028906
0 0.632422 0.812891 0.022656 0.046094
0 0.203125 0.207422 0.015625 0.033594
0 0.072266 0.087109 0.019531 0.042969
0 0.561719 0.221484 0.018750 0.039844
0 0.637109 0.881641 0.021094 0.046094
0 0.503516 0.400000 0.014844 0.031250
0 0.810547 0.166797 0.014844 0.030469
0 0.514453 0.019531 0.013281 0.029687
0 0.966797 0.717969 0.016406 0.034375
0 0.685156 0.447656 0.021875 0.046875
0 0.706250 0.662500 0.020313 0.043750
0 0.299609 0.441797 0.017969 0.036719
0 0.046484 0.683594 0.014844 0.032813
