0 0.133984 0.036328 0.017969 0.039844
0 0.204297 0.315625 0.013281 0.029687
0 0.070703 0.559766 0.019531 0.041406
0 0.946484 0.289844 0.019531 0.042188
0 0.595703 0.096484 0.013281 0.028906
0 0.482422 0.771094 0.014844 0.031250
0 0.816797 0.621875 0.014844 0.031250
0 0.806250 0.919531 0.015625 0.032813
0 0.925000 0.445703 0.012500 0.027344
0 0.019531 0.687891 0.017188 0.036719
0 0.582031 0.966797 0.020313 0.044531
0 0.659766 0.388281 0.019531 0.042188
0 0.200000 0.862891 0.012500 0.027344
0 0.485938 0.052344 0.018750 0.040625
0 0.571484 0.726172 0.021094 0.046094
0 0.808984 0.666406 0.021094 0.043750
0 0.561719 0.623828 0.020313 0.044531
0 0.283203 0.805469 0.016406 0.035937
0 0.423828 0.050391 0.021094 0.046094
0 0.118750 0.630469 0.018750 0.039062
0 0.340625 0.937891 0.020313 0.042969
0 0.303516 0.527344 0.014844 0.032813
0 0.786328 0.227734 0.013281 0.028906
0 0.792188 0.637500 0.015625 0.032813
0 0.437109 0.902734 0.011719 0.025781
0 0.595703 0.030078 0.021094 0.046094
0 0.398828 0.118359 0.014844 0.032031
0 0.595313 0.676953 0.014063 0.030469
0 0.110937 0.358984 0.018750 0.041406
