0 0.052246 0.500346 0.008789 0.026261
0 0.942383 0.865238 0.008789 0.027643
0 0.479492 0.887353 0.010742 0.033172
0 0.972168 0.442985 0.011719 0.034554
0 0.971436 0.230477 0.011230 0.033863
0 0.489014 0.457844 0.010254 0.031099
0 0.661377 0.220111 0.009277 0.026952
0 0.666016 0.245335 0.011719 0.035936
0 0.672607 0.519005 0.009277 0.027643
0 0.307617 0.483414 0.008789 0.026952
0 0.592773 0.261921 0.008789 0.026261
0 0.219238 0.153075 0.009766 0.029717
0 0.801758 0.883552 0.010742 0.033863
0 0.570801 0.665169 0.011719 0.035245
