0 0.575000 0.087109 0.018750 0.041406
0 0.539844 0.961719 0.021875 0.046875
0 0.924219 0.122266 0.014063 0.030469
0 0.860938 0.456641 0.012500 0.027344
0 0.083203 0.607812 0.016406 0.035937
0 0.340625 0.324609 0.018750 0.038281
0 0.395313 0.603906 0.018750 0.040625
0 0.422266 0.067187 0.011719 0.026562
0 0.498047 0.022656 0.014844 0.031250
0 0.596875 0.093750 0.012500 0.026562
0 0.363281 0.517578 0.018750 0.039844
0 0.045703 0.892969 0.017969 0.039062
0 0.039844 0.665625 0.015625 0.034375
0 0.071875 0.201563 0.017188 0.037500
0 0.507031 0.255078 0.017188 0.036719
0 0.902734 0.189453 0.019531 0.041406
0 0.168359 0.339062 0.019531 0.042188
0 0.878906 0.869922 0.017188 0.036719
0 0.894531 0.182812 0.017188 0.035937
0 0.360547 0.181641 0.014844 0.032031
0 0.016406 0.575000 0.018750 0.039062
0 0.537891 0.739844 0.017969 0.037500
