0 0.895312 0.304688 0.015625 0.034375
0 0.796484 0.116797 0.017969 0.038281
0 0.691797 0.458203 0.011719 0.025781
0 0.268359 0.202734 0.017969 0.039844
0 0.020313 0.277734 0.014063 0.030469
0 0.798047 0.267969 0.017969 0.039062
0 0.645703 0.239453 0.014844 0.032031
0 0.423047 0.186328 0.019531 0.042969
0 0.339062 0.542188 0.020313 0.043750
0 0.827344 0.673047 0.018750 0.041406
0 0.577344 0.336719 0.017188 0.037500
0 0.925000 0.870313 0.018750 0.040625
0 0.846875 0.344922 0.018750 0.039844
0 0.689063 0.598047 0.018750 0.041406
0 0.234375 0.355859 0.015625 0.033594
0 0.395703 0.764844 0.011719 0.025000
0 0.708984 0.904297 0.021094 0.044531
0 0.703125 0.715234 0.015625 0.033594
0 0.563281 0.703125 0.017188 0.037500
0 0.150391 0.749609 0.013281 0.028906
0 0.728125 0.940234 0.014063 0.030469
0 0.046875 0.181250 0.015625 0.034375
0 0.889062 0.479297 0.018750 0.039844
