0 0.206428 0.730265 0.004231 0.012824
0 0.775337 0.025363 0.004433 0.013679
0 0.873061 0.924765 0.004836 0.014249
0 0.076466 0.245227 0.003828 0.011684
0 0.833065 0.742947 0.004634 0.014249
0 0.442676 0.970932 0.003627 0.011399
0 0.786218 0.082075 0.003627 0.010829
0 0.599738 0.161727 0.003828 0.011684
0 0.322083 0.815047 0.004634 0.014249
0 0.750453 0.051582 0.004634 0.014249
0 0.357848 0.410658 0.004433 0.013679
0 0.565787 0.675691 0.003627 0.010829
0 0.670562 0.153178 0.004030 0.012254
0 0.454967 0.036335 0.005239 0.015674
0 0.532339 0.251781 0.004030 0.012254
