0 0.519531 0.610547 0.020313 0.042969
0 0.925391 0.268750 0.019531 0.042188
0 0.808984 0.312891 0.013281 0.028906
0 0.523438 0.523438 0.017188 0.035937
0 0.068359 0.109375 0.013281 0.028125
0 0.326172 0.296094 0.016406 0.034375
0 0.015625 0.978906 0.014063 0.031250
0 0.484375 0.885156 0.021875 0.046875
0 0.766016 0.207422 0.016406 0.035156
0 0.185547 0.197266 0.019531 0.041406
0 0.858984 0.148828 0.021094 0.044531
0 0.976562 0.044141 0.015625 0.033594
0 0.023047 0.326172 0.011719 0.025781
0 0.579688 0.571094 0.012500 0.026562
0 0.596484 0.430078 0.016406 0.033594
0 0.557813 0.244141 0.015625 0.033594
