0 0.057031 0.375000 0.018750 0.040625
0 0.700000 0.458984 0.014063 0.030469
0 0.382812 0.753906 0.015625 0.034375
0 0.127734 0.675391 0.014844 0.032031
0 0.064453 0.916016 0.017969 0.038281
0 0.194141 0.727344 0.016406 0.035937
0 0.812109 0.847656 0.021094 0.045312
0 0.842969 0.458594 0.020313 0.043750
0 0.212500 0.332031 0.012500 0.028125
0 0.050000 0.977344 0.014063 0.031250
0 0.634375 0.541016 0.015625 0.033594
0 0.944141 0.108984 0.014844 0.032031
0 0.229687 0.246875 0.017188 0.035937
0 0.718359 0.145703 0.021094 0.044531
0 0.903125 0.108203 0.012500 0.027344
0 0.413281 0.521484 0.018750 0.039844
0 0.499219 0.749219 0.017188 0.037500
0 0.769531 0.751563 0.018750 0.040625
0 0.158594 0.175000 0.012500 0.026562
0 0.728125 0.875000 0.018750 0.040625
0 0.112500 0.429688 0.017188 0.037500
0 0.891016 0.314453 0.017969 0.039844
0 0.964063 0.442578 0.014063 0.030469
0 0.629687 0.330469 0.015625 0.032813
0 0.798047 0.526953 0.011719 0.025781
0 0.011328 0.544141 0.019531 0.041406
0 0.988281 0.859375 0.014063 0.031250
0 0.473828 0.935937 0.021094 0.045312
0 0.321484 0.240234 0.017969 0.038281
