0 0.597925 0.092619 0.003425 0.010829
0 0.732924 0.181818 0.003425 0.010829
0 0.369938 0.132659 0.004433 0.013964
0 0.112331 0.361357 0.005037 0.014819
0 0.414971 0.270590 0.004634 0.013964
0 0.266774 0.977629 0.005239 0.015674
0 0.100746 0.872186 0.004030 0.011684
0 0.377493 0.961670 0.005037 0.015104
0 0.592283 0.224423 0.004634 0.013964
0 0.149909 0.766743 0.004433 0.013394
0 0.654544 0.464377 0.004231 0.012824
0 0.034354 0.785124 0.003828 0.011969
0 0.195849 0.919350 0.003627 0.010829
0 0.393411 0.690938 0.004231 0.012824
0 0.260830 0.502850 0.005037 0.015674
