0 0.173340 0.893918 0.009766 0.029717
0 0.742676 0.469247 0.009766 0.029026
0 0.819580 0.578784 0.012207 0.036628
0 0.515137 0.203870 0.012695 0.037319
0 0.025391 0.522806 0.011719 0.036628
0 0.113037 0.980995 0.009277 0.028334
0 0.559570 0.851071 0.010742 0.031099
0 0.369629 0.018314 0.010742 0.032481
0 0.196289 0.254319 0.008789 0.027643
0 0.491943 0.468901 0.009277 0.026952
0 0.373291 0.642018 0.010254 0.031790
0 0.433105 0.880788 0.010742 0.032481
0 0.015381 0.842778 0.012207 0.038010
0 0.927002 0.690394 0.010254 0.031790
