0 0.516797 0.413672 0.014844 0.032031
0 0.722266 0.956641 0.021094 0.046094
0 0.715234 0.542969 0.016406 0.034375
0 0.512109 0.730469 0.019531 0.042188
0 0.211328 0.203516 0.017969 0.039844
0 0.973437 0.609766 0.017188 0.036719
0 0.112500 0.636719 0.017188 0.037500
0 0.638672 0.388281 0.021094 0.045312
0 0.529687 0.218750 0.018750 0.040625
0 0.926172 0.505469 0.022656 0.046875
0 0.356641 0.408203 0.011719 0.025781
0 0.976953 0.809766 0.011719 0.025781
0 0.754297 0.754687 0.016406 0.034375
0 0.405469 0.301172 0.020313 0.041406
0 0.976562 0.941797 0.015625 0.033594
0 0.959766 0.905469 0.016406 0.034375
0 0.625781 0.105469 0.018750 0.039062
