0 0.549609 0.886328 0.019531 0.041406
0 0.923828 0.134766 0.011719 0.025781
0 0.910547 0.904687 0.021094 0.043750
0 0.028516 0.069922 0.016406 0.035156
0 0.199609 0.948047 0.011719 0.025781
0 0.274219 0.592969 0.021875 0.045312
0 0.845703 0.522656 0.014844 0.032813
0 0.701953 0.950781 0.021094 0.045312
0 0.405469 0.259375 0.017188 0.035937
0 0.815625 0.720703 0.018750 0.039844
0 0.744141 0.317578 0.019531 0.041406
0 0.322266 0.018750 0.013281 0.028125
0 0.682031 0.796484 0.020313 0.044531
0 0.504687 0.894531 0.018750 0.040625
0 0.084375 0.435937 0.017188 0.037500
0 0.665234 0.230469 0.017969 0.039062
0 0.833594 0.335547 0.017188 0.036719
0 0.066797 0.428125 0.014844 0.029687
0 0.816406 0.437109 0.017188 0.036719
0 0.776172 0.513672 0.016406 0.035156
0 0.036719 0.612109 0.012500 0.027344
0 0.519922 0.837500 0.017969 0.039062
0 0.419141 0.814844 0.014844 0.031250
0 0.294531 0.283984 0.021875 0.046094
0 0.120313 0.623047 0.017188 0.036719
0 0.529297 0.164062 0.013281 0.028125
0 0.782031 0.432031 0.018750 0.040625
0 0.730859 0.486328 0.014844 0.032031
