0 0.080999 0.623397 0.004433 0.013394
0 0.891094 0.741237 0.005037 0.015389
0 0.173182 0.228983 0.004634 0.013964
0 0.401068 0.795668 0.003828 0.011969
0 0.729498 0.377030 0.004231 0.013109
0 0.773020 0.402109 0.003828 0.011969
0 0.867620 0.517384 0.004030 0.012254
0 0.123111 0.714021 0.004836 0.014534
0 0.239875 0.389427 0.005037 0.015104
0 0.529418 0.464520 0.003828 0.011969
0 0.158473 0.117982 0.003828 0.011969
0 0.484787 0.828014 0.003627 0.011114
0 0.110216 0.761613 0.004433 0.013394
0 0.906508 0.265318 0.004030 0.012539
