0 0.046094 0.223828 0.012500 0.027344
0 0.367969 0.394531 0.012500 0.026562
0 0.286328 0.317578 0.017969 0.038281
0 0.094531 0.160938 0.018750 0.040625
0 0.414062 0.492188 0.014063 0.029687
0 0.305859 0.042969 0.017969 0.039062
0 0.720313 0.354687 0.012500 0.026562
0 0.237891 0.705078 0.021094 0.046094
0 0.570703 0.640625 0.013281 0.026562
0 0.760156 0.527734 0.015625 0.032031
0 0.807031 0.728516 0.017188 0.035156
0 0.311719 0.730859 0.020313 0.042969
0 0.881641 0.501563 0.017969 0.039062
0 0.368750 0.139063 0.021875 0.046875
0 0.325000 0.863672 0.017188 0.036719
0 0.434766 0.035547 0.013281 0.027344
0 0.339453 0.936719 0.016406 0.035937
0 0.292578 0.340625 0.016406 0.035937
0 0.248047 0.214453 0.022656 0.046094
0 0.274219 0.958594 0.017188 0.037500
0 0.787109 0.383984 0.013281 0.028906
0 0.951562 0.803516 0.015625 0.033594
0 0.361328 0.033984 0.016406 0.035156
0 0.442578 0.387500 0.014844 0.031250
0 0.579297 0.526563 0.016406 0.035937
0 0.378125 0.722656 0.021875 0.046875
0 0.871484 0.965234 0.014844 0.030469
0 0.028125 0.171875 0.020313 0.043750
0 0.320312 0.321484 0.014063 0.030469
0 0.715234 0.699219 0.013281 0.028125
