0 0.823828 0.099609 0.013281 0.028906
0 0.919922 0.510938 0.021094 0.045312
0 0.646094 0.781250 0.015625 0.032813
0 0.412500 0.644531 0.018750 0.040625
0 0.227344 0.111328 0.018750 0.041406
0 0.712500 0.150781 0.021875 0.046875
0 0.369922 0.762109 0.021094 0.046094
0 0.621875 0.287891 0.015625 0.032031
0 0.464062 0.543750 0.012500 0.026562
0 0.865234 0.498437 0.016406 0.035937
0 0.899219 0.515625 0.017188 0.037500
0 0.161719 0.471875 0.021875 0.046875
0 0.403125 0.512891 0.015625 0.033594
0 0.254688 0.182031 0.018750 0.040625
0 0.657813 0.424609 0.015625 0.032031
0 0.433594 0.318750 0.021875 0.046875
0 0.953125 0.163281 0.015625 0.034375
0 0.778906 0.370703 0.014063 0.030469
0 0.018359 0.233203 0.011719 0.025781
0 0.528516 0.712500 0.014844 0.031250
0 0.369922 0.366406 0.013281 0.028125
0 0.557813 0.138281 0.018750 0.040625
0 0.433203 0.394922 0.017969 0.038281
0 0.136328 0.492578 0.011719 0.025781
0 0.950781 0.744922 0.014063 0.030469
0 0.672266 0.670703 0.016406 0.035156
0 0.677344 0.396094 0.012500 0.026562
0 0.476953 0.178906 0.014844 0.032813
0 0.551562 0.613672 0.018750 0.039844
