0 0.523828 0.425391 0.016406 0.035156
0 0.638281 0.973828 0.017188 0.035156
0 0.782031 0.925781 0.015625 0.032813
0 0.605469 0.181641 0.012500 0.025781
0 0.112500 0.557422 0.012500 0.027344
0 0.402344 0.570703 0.014063 0.030469
0 0.451172 0.356250 0.016406 0.035937
0 0.822656 0.570703 0.020313 0.044531
0 0.512500 0.492969 0.021875 0.046875
0 0.874609 0.593359 0.019531 0.041406
0 0.833984 0.339844 0.017969 0.039062
0 0.094141 0.834375 0.013281 0.026562
0 0.095703 0.360156 0.013281 0.028125
0 0.089453 0.617188 0.016406 0.035937
0 0.204687 0.425000 0.015625 0.034375
0 0.132031 0.759766 0.018750 0.038281
0 0.146484 0.560156 0.011719 0.026562
0 0.766016 0.703516 0.013281 0.028906
0 0.964063 0.094141 0.012500 0.027344
