0 0.327637 0.665515 0.009766 0.030408
0 0.452148 0.852453 0.009766 0.029717
0 0.545654 0.686247 0.009277 0.027643
0 0.676025 0.902211 0.012207 0.036628
0 0.873047 0.441258 0.009766 0.029717
0 0.948975 0.663096 0.009277 0.028334
0 0.805420 0.633034 0.011230 0.034554
0 0.015625 0.554596 0.010742 0.032481
0 0.353516 0.249482 0.011719 0.035936
0 0.486328 0.777816 0.010742 0.032481
0 0.096436 0.143746 0.008301 0.026261
0 0.402588 0.156876 0.010254 0.031790
0 0.800049 0.267104 0.011230 0.033863
0 0.502197 0.675190 0.008301 0.026261
0 0.352539 0.864547 0.008789 0.026261
