0 0.456250 0.099609 0.018750 0.041406
0 0.215234 0.054297 0.013281 0.028906
0 0.528125 0.973828 0.020313 0.042969
0 0.273047 0.582031 0.011719 0.025000
0 0.071094 0.857812 0.020313 0.043750
0 0.078516 0.708594 0.017969 0.039062
0 0.863672 0.337109 0.019531 0.041406
0 0.869922 0.172656 0.013281 0.028125
0 0.223438 0.373047 0.015625 0.032031
0 0.197656 0.825000 0.017188 0.037500
0 0.329688 0.754687 0.017188 0.035937
0 0.130469 0.278906 0.012500 0.026562
0 0.111328 0.261719 0.013281 0.029687
0 0.601953 0.192969 0.019531 0.042188
0 0.675391 0.562109 0.013281 0.028906
0 0.965625 0.609375 0.014063 0.029687
0 0.796094 0.639062 0.020313 0.043750
0 0.140625 0.982031 0.015625 0.034375
0 0.728125 0.691016 0.012500 0.027344
0 0.109766 0.400391 0.019531 0.042969
0 0.545703 0.275781 0.021094 0.045312
