0 0.100000 0.404687 0.012500 0.026562
0 0.379297 0.763281 0.019531 0.040625
0 0.255078 0.484766 0.014844 0.030469
0 0.421094 0.282813 0.020313 0.042188
0 0.987500 0.162500 0.018750 0.040625
0 0.776953 0.598828 0.017969 0.038281
0 0.904687 0.210156 0.018750 0.040625
0 0.719922 0.647656 0.013281 0.028125
0 0.527344 0.019531 0.012500 0.026562
0 0.820312 0.272656 0.020313 0.042188
0 0.353516 0.914062 0.014844 0.032813
0 0.741016 0.798828 0.013281 0.028906
0 0.526563 0.557031 0.012500 0.026562
0 0.164062 0.067187 0.014063 0.029687
0 0.214062 0.834375 0.014063 0.031250
