0 0.832031 0.125391 0.015625 0.033594
0 0.020703 0.231641 0.014844 0.030469
0 0.267578 0.726562 0.017969 0.039062
0 0.421875 0.352344 0.012500 0.026562
0 0.887500 0.730469 0.014063 0.031250
0 0.178906 0.212109 0.014063 0.030469
0 0.382031 0.957031 0.015625 0.034375
0 0.141797 0.310547 0.014844 0.030469
0 0.125391 0.773047 0.021094 0.044531
0 0.925391 0.836328 0.011719 0.025781
0 0.083594 0.968359 0.017188 0.036719
0 0.553906 0.761328 0.012500 0.027344
0 0.454297 0.817969 0.014844 0.031250
0 0.829297 0.467578 0.017969 0.038281
0 0.468359 0.887500 0.014844 0.032813
0 0.690234 0.135937 0.016406 0.034375
0 0.540625 0.812891 0.017188 0.035156
