0 0.846875 0.794141 0.015625 0.033594
0 0.943359 0.943359 0.017969 0.038281
0 0.271484 0.196484 0.021094 0.046094
0 0.610547 0.206641 0.019531 0.039844
0 0.041406 0.915625 0.018750 0.040625
0 0.324609 0.335938 0.017969 0.039062
0 0.909766 0.176953 0.019531 0.042969
0 0.156641 0.085156 0.022656 0.046875
0 0.523828 0.081641 0.016406 0.033594
0 0.881641 0.483203 0.013281 0.028906
0 0.139844 0.816016 0.020313 0.044531
0 0.330469 0.766797 0.012500 0.025781
0 0.396875 0.647266 0.017188 0.036719
0 0.466797 0.246094 0.016406 0.035937
0 0.714063 0.512500 0.018750 0.040625
0 0.481250 0.583594 0.012500 0.026562
0 0.226172 0.857031 0.016406 0.035937
0 0.926562 0.818750 0.012500 0.026562
0 0.775781 0.558984 0.017188 0.035156
0 0.887500 0.708984 0.015625 0.032031
0 0.589063 0.816406 0.021875 0.046875
0 0.923828 0.289453 0.021094 0.046094
0 0.492578 0.641016 0.014844 0.032031
0 0.563672 0.687891 0.016406 0.033594
0 0.183203 0.888672 0.014844 0.032031
0 0.164453 0.110547 0.021094 0.044531
0 0.396484 0.940234 0.017969 0.036719
0 0.042578 0.943359 0.016406 0.035156
