0 0.878906 0.157422 0.018750 0.039844
0 0.262500 0.189844 0.012500 0.026562
0 0.476953 0.039062 0.013281 0.029687
0 0.784375 0.935156 0.018750 0.040625
0 0.794141 0.684766 0.021094 0.044531
0 0.435156 0.761719 0.014063 0.029687
0 0.313672 0.855859 0.021094 0.046094
0 0.300781 0.491016 0.021875 0.046094
0 0.039453 0.530078 0.017969 0.036719
0 0.119531 0.126562 0.021875 0.046875
0 0.960547 0.076563 0.016406 0.034375
0 0.021875 0.887500 0.021875 0.045312
0 0.039453 0.287109 0.016406 0.035156
0 0.418750 0.585156 0.020313 0.043750
0 0.522656 0.844141 0.021875 0.044531
0 0.651563 0.019531 0.012500 0.026562
0 0.066797 0.892578 0.016406 0.033594
0 0.673047 0.426172 0.011719 0.025781
0 0.716406 0.578516 0.017188 0.036719
0 0.986719 0.101562 0.014063 0.029687
0 0.770703 0.965234 0.019531 0.039844
0 0.447266 0.478906 0.013281 0.028125
0 0.538672 0.425391 0.021094 0.046094
0 0.207422 0.738672 0.013281 0.027344
0 0.030078 0.385547 0.014844 0.032031
0 0.250391 0.239844 0.013281 0.028125
0 0.357031 0.898047 0.020313 0.044531
0 0.562500 0.390234 0.017188 0.036719
0 0.175000 0.665625 0.021875 0.046875
0 0.825391 0.795703 0.011719 0.025781
