0 0.445312 0.733594 0.015625 0.034375
0 0.561328 0.253125 0.017969 0.037500
0 0.950781 0.342187 0.020313 0.043750
0 0.612500 0.245703 0.012500 0.025781
0 0.526953 0.949219 0.016406 0.034375
0 0.967578 0.108203 0.021094 0.046094
0 0.814063 0.199219 0.017188 0.035937
0 0.544141 0.142969 0.022656 0.046875
0 0.533203 0.562500 0.014844 0.031250
0 0.896875 0.896484 0.017188 0.036719
0 0.828125 0.657422 0.014063 0.030469
0 0.087109 0.100781 0.017969 0.039062
0 0.173828 0.644922 0.017969 0.036719
0 0.024219 0.639453 0.018750 0.041406
0 0.685156 0.531250 0.018750 0.040625
0 0.682031 0.341016 0.014063 0.030469
0 0.685547 0.432422 0.017969 0.038281
0 0.339844 0.443750 0.015625 0.032813
0 0.859766 0.029297 0.021094 0.046094
0 0.824219 0.038672 0.021875 0.046094
0 0.057422 0.954297 0.019531 0.039844
0 0.114453 0.657031 0.016406 0.035937
0 0.188672 0.731250 0.021094 0.045312
0 0.014453 0.723437 0.021094 0.045312
0 0.493750 0.326562 0.021875 0.046875
