0 0.602734 0.590625 0.021094 0.045312
0 0.092578 0.037891 0.014844 0.030469
0 0.155078 0.054297 0.021094 0.046094
0 0.354297 0.660547 0.011719 0.025781
0 0.961328 0.138672 0.016406 0.035156
0 0.782422 0.784375 0.014844 0.032813
0 0.638672 0.058203 0.017969 0.038281
0 0.618359 0.534766 0.019531 0.042969
0 0.321484 0.941016 0.021094 0.046094
0 0.208594 0.424609 0.020313 0.041406
0 0.490234 0.207422 0.016406 0.035156
0 0.844922 0.595313 0.016406 0.035937
0 0.726562 0.789844 0.014063 0.029687
0 0.387109 0.179297 0.019531 0.041406
0 0.405469 0.713672 0.015625 0.033594
0 0.346875 0.497266 0.015625 0.033594
0 0.601562 0.203516 0.015625 0.033594
0 0.595313 0.179297 0.018750 0.039844
0 0.189062 0.246875 0.021875 0.045312
0 0.513672 0.688281 0.014844 0.032813
0 0.050391 0.166797 0.014844 0.032031
