0 0.120313 0.772656 0.014063 0.029687
0 0.341016 0.321094 0.016406 0.035937
0 0.575781 0.626563 0.020313 0.042188
0 0.355078 0.133594 0.016406 0.035937
0 0.315234 0.857031 0.019531 0.042188
0 0.596875 0.712891 0.020313 0.044531
0 0.702344 0.928125 0.015625 0.032813
0 0.942578 0.418359 0.013281 0.027344
0 0.653516 0.600000 0.016406 0.035937
0 0.371484 0.331250 0.021094 0.045312
0 0.631641 0.514062 0.017969 0.039062
0 0.468359 0.693359 0.016406 0.035156
0 0.091406 0.865234 0.017188 0.036719
0 0.668359 0.970703 0.014844 0.032031
0 0.947266 0.726562 0.013281 0.026562
0 0.814453 0.095312 0.014844 0.032813
0 0.246094 0.816406 0.018750 0.040625
0 0.398047 0.126562 0.013281 0.028125
0 0.391406 0.188672 0.020313 0.041406
0 0.365625 0.348438 0.020313 0.043750
0 0.014063 0.210156 0.012500 0.026562
0 0.617578 0.420312 0.013281 0.028125
0 0.971875 0.641016 0.012500 0.027344
0 0.046094 0.728516 0.020313 0.041406
0 0.319141 0.350781 0.013281 0.029687
0 0.101953 0.771875 0.021094 0.045312
0 0.725391 0.697266 0.014844 0.032031
0 0.198047 0.831641 0.021094 0.044531
