0 0.978906 0.708984 0.015625 0.032031
0 0.987109 0.733203 0.011719 0.025781
0 0.223438 0.427734 0.015625 0.033594
0 0.716016 0.175781 0.016406 0.035937
0 0.151562 0.461719 0.014063 0.031250
0 0.130469 0.488672 0.012500 0.027344
0 0.408203 0.395313 0.021094 0.045312
0 0.932031 0.830469 0.020313 0.043750
0 0.783203 0.889062 0.011719 0.026562
0 0.190625 0.954297 0.014063 0.030469
0 0.591406 0.526172 0.012500 0.027344
0 0.028516 0.883984 0.016406 0.033594
0 0.033594 0.791406 0.015625 0.034375
0 0.259766 0.681250 0.013281 0.026562
0 0.285156 0.975391 0.012500 0.027344
0 0.939063 0.066406 0.012500 0.026562
