0 0.101249 0.743944 0.004634 0.013964
0 0.887870 0.509262 0.004634 0.014249
0 0.373967 0.319892 0.004836 0.014534
0 0.957687 0.247649 0.004030 0.012539
0 0.765767 0.777002 0.005037 0.015674
0 0.230808 0.359789 0.003828 0.011684
0 0.034354 0.928470 0.003425 0.010829
0 0.470582 0.991878 0.004231 0.012254
0 0.501007 0.236535 0.003828 0.011969
0 0.349587 0.356797 0.004836 0.014819
0 0.655450 0.724423 0.004433 0.013679
0 0.009067 0.944856 0.004836 0.015104
0 0.832863 0.873041 0.004634 0.013964
0 0.578279 0.660017 0.003627 0.010829
0 0.864900 0.438871 0.003828 0.011969
