0 0.164062 0.499219 0.015625 0.034375
0 0.087109 0.644141 0.014844 0.032031
0 0.159766 0.775781 0.013281 0.029687
0 0.322656 0.075000 0.021875 0.046875
0 0.153125 0.846484 0.018750 0.039844
0 0.279297 0.555859 0.017969 0.036719
0 0.874609 0.200781 0.014844 0.031250
0 0.642578 0.037891 0.019531 0.041406
0 0.674219 0.685937 0.014063 0.029687
0 0.257422 0.562500 0.021094 0.045312
0 0.573047 0.150000 0.016406 0.035937
0 0.421484 0.151172 0.013281 0.028906
0 0.683594 0.850391 0.014063 0.028906
0 0.292187 0.770312 0.021875 0.045312
0 0.914062 0.241797 0.017188 0.036719
0 0.327734 0.909375 0.021094 0.045312
0 0.132422 0.455469 0.013281 0.026562
0 0.332813 0.446875 0.014063 0.029687
0 0.562109 0.288281 0.021094 0.045312
