0 0.760156 0.196875 0.020313 0.043750
0 0.530859 0.332031 0.019531 0.042188
0 0.464844 0.185547 0.020313 0.042969
0 0.069531 0.380078 0.012500 0.027344
0 0.807031 0.284766 0.021875 0.046094
0 0.425000 0.442578 0.015625 0.033594
0 0.014844 0.668750 0.012500 0.026562
0 0.821094 0.114453 0.020313 0.042969
0 0.094922 0.950000 0.021094 0.045312
0 0.639062 0.550391 0.014063 0.030469
0 0.122656 0.198437 0.018750 0.040625
0 0.533203 0.728125 0.016406 0.035937
0 0.171875 0.923047 0.018750 0.041406
0 0.295312 0.955078 0.021875 0.044531
0 0.921875 0.123047 0.020313 0.044531
0 0.313672 0.354297 0.013281 0.028906
0 0.446484 0.864062 0.021094 0.045312
0 0.669141 0.483984 0.016406 0.035156
0 0.500000 0.326562 0.017188 0.035937
0 0.901563 0.815625 0.018750 0.040625
0 0.032422 0.914453 0.014844 0.032031
0 0.086328 0.247266 0.017969 0.036719
0 0.036719 0.182812 0.014063 0.029687
0 0.027734 0.528516 0.013281 0.028906
0 0.151562 0.942969 0.018750 0.040625
0 0.811719 0.534375 0.015625 0.034375
0 0.706250 0.971875 0.012500 0.026562
