0 0.334766 0.617969 0.013281 0.028125
0 0.585938 0.890234 0.015625 0.033594
0 0.845313 0.599609 0.017188 0.036719
0 0.222656 0.841406 0.020313 0.043750
0 0.912109 0.634375 0.021094 0.045312
0 0.608203 0.643359 0.014844 0.032031
0 0.482031 0.060547 0.015625 0.033594
0 0.288281 0.526563 0.021875 0.046875
0 0.957031 0.557813 0.015625 0.034375
0 0.858984 0.114844 0.017969 0.039062
0 0.344531 0.551562 0.021875 0.045312
0 0.742969 0.947266 0.020313 0.042969
0 0.909766 0.145703 0.017969 0.036719
0 0.979688 0.137109 0.014063 0.030469
0 0.394531 0.632812 0.014063 0.031250
0 0.242969 0.216797 0.014063 0.028906
0 0.094922 0.327344 0.016406 0.034375
0 0.898047 0.864062 0.021094 0.045312
0 0.429688 0.076953 0.015625 0.033594
0 0.471875 0.683984 0.014063 0.030469
0 0.792578 0.966797 0.021094 0.044531
