0 0.626172 0.898438 0.016406 0.035937
0 0.735547 0.863281 0.014844 0.032813
0 0.792578 0.893359 0.017969 0.038281
0 0.414062 0.360938 0.018750 0.040625
0 0.626953 0.704688 0.016406 0.035937
0 0.399609 0.024609 0.013281 0.028906
0 0.185547 0.424609 0.011719 0.025781
0 0.430078 0.563672 0.016406 0.033594
0 0.812109 0.589453 0.021094 0.046094
0 0.599609 0.636719 0.014844 0.032813
0 0.537891 0.653125 0.013281 0.029687
0 0.660937 0.278906 0.012500 0.026562
0 0.482031 0.281250 0.021875 0.046875
0 0.104688 0.828906 0.017188 0.034375
0 0.723437 0.417578 0.017188 0.036719
0 0.710547 0.891406 0.021094 0.045312
0 0.792969 0.975781 0.012500 0.026562
0 0.326562 0.594531 0.017188 0.037500
0 0.760156 0.868750 0.012500 0.026562
0 0.164062 0.042188 0.018750 0.040625
0 0.019141 0.419531 0.014844 0.031250
0 0.326953 0.482422 0.016406 0.035156
0 0.866797 0.407031 0.013281 0.028125
0 0.294141 0.625781 0.017969 0.039062
0 0.050391 0.030078 0.016406 0.035156
0 0.012500 0.385547 0.012500 0.027344
