0 0.064844 0.788281 0.014063 0.031250
0 0.441797 0.385156 0.017969 0.039062
0 0.535156 0.893750 0.017188 0.037500
0 0.837109 0.717969 0.014844 0.031250
0 0.555469 0.791016 0.017188 0.036719
0 0.254297 0.651563 0.016406 0.034375
0 0.632812 0.558594 0.017188 0.037500
0 0.482031 0.520312 0.014063 0.029687
0 0.783984 0.830469 0.011719 0.026562
0 0.077734 0.363672 0.021094 0.046094
0 0.265625 0.921484 0.017188 0.036719
0 0.536719 0.413672 0.020313 0.044531
0 0.629687 0.501172 0.017188 0.035156
0 0.472656 0.194141 0.017188 0.036719
0 0.441016 0.233203 0.017969 0.036719
0 0.255078 0.347266 0.016406 0.035156
0 0.499609 0.491797 0.011719 0.025781
0 0.547656 0.500000 0.014063 0.029687
0 0.962891 0.078906 0.013281 0.028125
0 0.049609 0.356641 0.016406 0.035156
0 0.515234 0.135547 0.011719 0.025781
