0 0.862500 0.839844 0.018750 0.040625
0 0.883984 0.786328 0.013281 0.027344
0 0.396875 0.177344 0.021875 0.046875
0 0.149219 0.782422 0.018750 0.041406
0 0.885938 0.269141 0.018750 0.041406
0 0.248438 0.736328 0.020313 0.042969
0 0.685937 0.957031 0.015625 0.034375
0 0.304297 0.255469 0.017969 0.039062
0 0.415234 0.161328 0.013281 0.028906
0 0.550781 0.266406 0.020313 0.043750
0 0.889844 0.137500 0.020313 0.043750
0 0.673828 0.658984 0.019531 0.039844
0 0.397656 0.183594 0.015625 0.032813
0 0.560937 0.692969 0.017188 0.037500
0 0.108203 0.457422 0.014844 0.032031
0 0.811328 0.783984 0.019531 0.039844
0 0.205469 0.805469 0.017188 0.037500
0 0.534766 0.914453 0.017969 0.038281
0 0.692969 0.281641 0.014063 0.030469
0 0.037891 0.599219 0.014844 0.031250
0 0.756641 0.177344 0.014844 0.031250
0 0.205078 0.439063 0.021094 0.045312
0 0.233203 0.896484 0.016406 0.035156
0 0.332422 0.569141 0.013281 0.028906
0 0.828516 0.471484 0.011719 0.025781
0 0.308203 0.439453 0.019531 0.041406
0 0.161719 0.480859 0.012500 0.027344
0 0.330469 0.431641 0.014063 0.028906
0 0.444531 0.636719 0.012500 0.026562
0 0.041406 0.475000 0.014063 0.031250
