0 0.766797 0.450391 0.011719 0.025781
0 0.236328 0.128516 0.013281 0.027344
0 0.050391 0.052344 0.014844 0.032813
0 0.985938 0.851953 0.017188 0.036719
0 0.616406 0.974609 0.018750 0.039844
0 0.010156 0.689844 0.017188 0.037500
0 0.276953 0.503516 0.013281 0.028906
0 0.409375 0.142578 0.021875 0.044531
0 0.919141 0.929297 0.011719 0.025781
0 0.226172 0.487891 0.016406 0.035156
0 0.825391 0.069141 0.022656 0.046094
0 0.433984 0.897266 0.019531 0.041406
0 0.935547 0.060156 0.016406 0.035937
0 0.070703 0.853906 0.021094 0.045312
0 0.296094 0.596094 0.018750 0.040625
0 0.144531 0.434766 0.014063 0.030469
0 0.053906 0.159766 0.020313 0.041406
0 0.835156 0.770312 0.020313 0.043750
0 0.407031 0.902734 0.020313 0.041406
0 0.971875 0.321484 0.020313 0.044531
0 0.963672 0.768359 0.017969 0.036719
0 0.313281 0.110547 0.015625 0.033594
0 0.345703 0.980859 0.017969 0.038281
