0 0.710547 0.721484 0.017969 0.038281
0 0.020313 0.030078 0.020313 0.041406
0 0.873828 0.478906 0.017969 0.039062
0 0.244922 0.887891 0.021094 0.044531
0 0.182422 0.162109 0.013281 0.028906
0 0.148438 0.248438 0.014063 0.031250
0 0.852344 0.930859 0.012500 0.027344
0 0.376563 0.908984 0.017188 0.035156
0 0.898828 0.921875 0.017969 0.039062
0 0.864062 0.549609 0.021875 0.046094
0 0.884375 0.196094 0.020313 0.043750
0 0.835547 0.375000 0.014844 0.032813
0 0.117969 0.768359 0.020313 0.044531
0 0.228516 0.136328 0.019531 0.039844
0 0.174609 0.142578 0.017969 0.038281
0 0.697656 0.275000 0.017188 0.037500
0 0.363281 0.608203 0.012500 0.025781
0 0.780469 0.468359 0.021875 0.046094
0 0.314844 0.565625 0.012500 0.026562
0 0.631641 0.253125 0.016406 0.035937
0 0.416016 0.285938 0.016406 0.034375
0 0.750391 0.578516 0.021094 0.046094
0 0.337891 0.587109 0.016406 0.035156
0 0.328125 0.457813 0.018750 0.040625
0 0.627734 0.780859 0.021094 0.044531
0 0.047266 0.784766 0.014844 0.032031
0 0.246484 0.848437 0.019531 0.042188
0 0.569531 0.894141 0.015625 0.033594
