0 0.185156 0.444531 0.014063 0.031250
0 0.573047 0.802344 0.013281 0.028125
0 0.486328 0.198828 0.011719 0.025781
0 0.637109 0.803516 0.019531 0.039844
0 0.365234 0.479687 0.014844 0.031250
0 0.727344 0.803516 0.018750 0.039844
0 0.287891 0.946484 0.013281 0.028906
0 0.022266 0.462891 0.019531 0.042969
0 0.440625 0.869922 0.014063 0.030469
0 0.676953 0.368359 0.014844 0.032031
0 0.080469 0.150391 0.020313 0.042969
0 0.479687 0.373437 0.018750 0.039062
0 0.032031 0.033594 0.014063 0.031250
0 0.664844 0.237891 0.017188 0.036719
0 0.515625 0.351172 0.012500 0.027344
0 0.876172 0.360547 0.013281 0.028906
0 0.487891 0.057422 0.019531 0.042969
0 0.888672 0.671875 0.013281 0.028125
0 0.844922 0.153906 0.016406 0.035937
0 0.283984 0.243359 0.016406 0.035156
0 0.906250 0.695312 0.014063 0.031250
0 0.524609 0.608594 0.014844 0.031250
