0 0.714453 0.277734 0.017969 0.038281
0 0.590625 0.385547 0.012500 0.027344
0 0.900391 0.385937 0.016406 0.035937
0 0.760938 0.222266 0.015625 0.033594
0 0.461328 0.239844 0.017969 0.039062
0 0.221094 0.117578 0.020313 0.041406
0 0.377734 0.759766 0.019531 0.039844
0 0.526563 0.962109 0.018750 0.039844
0 0.223828 0.053906 0.017969 0.039062
0 0.303125 0.193359 0.017188 0.036719
0 0.967969 0.552734 0.017188 0.036719
0 0.544922 0.433594 0.019531 0.042188
0 0.423828 0.586719 0.016406 0.035937
0 0.466406 0.768359 0.012500 0.025781
0 0.358203 0.725781 0.016406 0.035937
0 0.721875 0.906250 0.018750 0.040625
0 0.609766 0.820312 0.019531 0.040625
0 0.388672 0.392969 0.016406 0.035937
0 0.791797 0.674609 0.016406 0.035156
0 0.887109 0.775391 0.016406 0.035156
0 0.737500 0.163281 0.020313 0.043750
0 0.539062 0.380859 0.020313 0.044531
0 0.626563 0.539062 0.018750 0.040625
0 0.477344 0.722656 0.014063 0.031250
0 0.528516 0.389453 0.013281 0.027344
0 0.418750 0.382812 0.014063 0.029687
