0 0.194531 0.595313 0.014063 0.029687
0 0.024609 0.420703 0.019531 0.039844
0 0.401953 0.697266 0.016406 0.035156
0 0.991406 0.811328 0.017188 0.036719
0 0.273438 0.625781 0.021875 0.046875
0 0.984766 0.073438 0.021094 0.045312
0 0.244922 0.059375 0.013281 0.028125
0 0.496094 0.416406 0.021875 0.046875
0 0.240234 0.129688 0.019531 0.040625
0 0.601562 0.378516 0.015625 0.033594
0 0.151953 0.585938 0.016406 0.035937
0 0.362109 0.344141 0.013281 0.028906
0 0.833984 0.169531 0.013281 0.028125
0 0.722656 0.341406 0.021875 0.046875
0 0.554688 0.980469 0.015625 0.034375
0 0.138281 0.163281 0.021875 0.045312
0 0.978906 0.495703 0.018750 0.041406
0 0.905469 0.745313 0.017188 0.037500
0 0.981641 0.901172 0.014844 0.032031
0 0.663281 0.721875 0.018750 0.040625
0 0.462109 0.902344 0.013281 0.029687
0 0.540625 0.729688 0.012500 0.028125
0 0.567969 0.727734 0.015625 0.032031
0 0.231250 0.720313 0.014063 0.031250
0 0.538672 0.526172 0.019531 0.041406
