0 0.182422 0.248438 0.014844 0.032813
0 0.890234 0.182422 0.019531 0.041406
0 0.341797 0.774219 0.016406 0.034375
0 0.475391 0.203516 0.016406 0.035156
0 0.558984 0.263672 0.017969 0.038281
0 0.905078 0.317969 0.014844 0.032813
0 0.554688 0.797656 0.014063 0.031250
0 0.753125 0.357031 0.012500 0.026562
0 0.957422 0.396875 0.013281 0.029687
0 0.895312 0.480469 0.017188 0.037500
0 0.484766 0.755859 0.017969 0.036719
0 0.784375 0.714453 0.014063 0.028906
0 0.525781 0.247656 0.015625 0.034375
0 0.601172 0.033984 0.016406 0.035156
0 0.278516 0.562109 0.016406 0.035156
0 0.926172 0.021875 0.013281 0.028125
0 0.771094 0.293750 0.018750 0.040625
0 0.664844 0.535937 0.015625 0.034375
0 0.623047 0.895703 0.021094 0.044531
