0 0.973437 0.219531 0.017188 0.037500
0 0.540625 0.742188 0.015625 0.034375
0 0.163281 0.056641 0.020313 0.044531
0 0.924219 0.151172 0.020313 0.044531
0 0.064453 0.889062 0.019531 0.042188
0 0.142578 0.498437 0.021094 0.045312
0 0.430859 0.317969 0.017969 0.039062
0 0.515625 0.778516 0.020313 0.042969
0 0.056641 0.197656 0.013281 0.028125
0 0.762500 0.476953 0.018750 0.038281
0 0.975781 0.231641 0.012500 0.027344
0 0.492188 0.206641 0.020313 0.041406
0 0.512500 0.633203 0.014063 0.030469
0 0.806250 0.689063 0.020313 0.042188
0 0.781250 0.588672 0.015625 0.032031
0 0.698438 0.408594 0.017188 0.037500
0 0.729297 0.432422 0.016406 0.033594
0 0.335156 0.503516 0.018750 0.041406
0 0.807813 0.570703 0.018750 0.039844
