0 0.397656 0.189453 0.015625 0.033594
0 0.435937 0.276562 0.014063 0.031250
0 0.171484 0.934766 0.017969 0.038281
0 0.323828 0.818359 0.013281 0.028906
0 0.813281 0.421875 0.017188 0.037500
0 0.657031 0.053125 0.015625 0.032813
0 0.296484 0.841406 0.021094 0.043750
0 0.039062 0.780469 0.020313 0.043750
0 0.053516 0.841406 0.019531 0.042188
0 0.924219 0.882812 0.015625 0.032813
0 0.723437 0.239453 0.014063 0.030469
0 0.680078 0.308594 0.016406 0.034375
0 0.718750 0.075781 0.018750 0.040625
0 0.221484 0.839453 0.016406 0.035156
0 0.499219 0.043750 0.021875 0.046875
0 0.316797 0.607812 0.014844 0.031250
0 0.179688 0.498047 0.014063 0.030469
0 0.661719 0.721484 0.014063 0.028906
0 0.369922 0.446875 0.014844 0.032813
0 0.174219 0.021484 0.017188 0.036719
0 0.195703 0.883203 0.014844 0.030469
0 0.226953 0.639453 0.016406 0.035156
