0 0.933203 0.061719 0.022656 0.046875
0 0.042969 0.468750 0.021875 0.046875
0 0.350781 0.034766 0.020313 0.044531
0 0.898828 0.683594 0.016406 0.035937
0 0.761719 0.745313 0.021875 0.046875
0 0.401953 0.471484 0.013281 0.028906
0 0.878125 0.096875 0.020313 0.043750
0 0.982031 0.943359 0.020313 0.044531
0 0.314453 0.867969 0.019531 0.042188
0 0.218750 0.592578 0.015625 0.033594
0 0.091797 0.584766 0.016406 0.033594
0 0.849609 0.956250 0.013281 0.028125
0 0.111328 0.082812 0.021094 0.045312
0 0.447656 0.748047 0.017188 0.038281
0 0.492188 0.491406 0.012500 0.028125
0 0.505078 0.707422 0.019531 0.041406
0 0.792578 0.480469 0.014844 0.029687
0 0.319141 0.980859 0.017969 0.036719
0 0.736719 0.460156 0.018750 0.040625
0 0.570312 0.329297 0.020313 0.044531
0 0.471875 0.616016 0.020313 0.042969
0 0.837109 0.255859 0.021094 0.042969
0 0.827344 0.102734 0.017188 0.036719
0 0.172266 0.413672 0.013281 0.028906
0 0.080078 0.171484 0.013281 0.028906
