0 0.347656 0.029687 0.020313 0.043750
0 0.515625 0.932422 0.015625 0.033594
0 0.431250 0.028516 0.021875 0.046094
0 0.568359 0.031250 0.013281 0.026562
0 0.821484 0.677344 0.014844 0.031250
0 0.043359 0.620313 0.013281 0.028125
0 0.075391 0.706641 0.016406 0.035156
0 0.919531 0.457813 0.017188 0.037500
0 0.694141 0.102734 0.017969 0.038281
0 0.175391 0.637500 0.021094 0.045312
0 0.037109 0.644141 0.021094 0.046094
0 0.345703 0.050000 0.021094 0.045312
0 0.960938 0.878516 0.012500 0.025781
0 0.706641 0.925391 0.021094 0.046094
0 0.574609 0.505078 0.016406 0.035156
0 0.240625 0.808984 0.012500 0.025781
0 0.724219 0.849219 0.015625 0.032813
0 0.660937 0.125781 0.021875 0.046875
0 0.062109 0.950391 0.019531 0.042969
0 0.891016 0.109766 0.021094 0.046094
0 0.298438 0.624219 0.015625 0.032813
0 0.778516 0.863281 0.019531 0.042188
0 0.633594 0.617578 0.018750 0.039844
0 0.127734 0.847266 0.016406 0.035156
