0 0.800781 0.344922 0.014063 0.030469
0 0.725781 0.801562 0.018750 0.040625
0 0.813672 0.169531 0.013281 0.028125
0 0.088281 0.536328 0.020313 0.041406
0 0.192188 0.281250 0.017188 0.037500
0 0.748828 0.657031 0.011719 0.025000
0 0.280469 0.554688 0.018750 0.040625
0 0.973828 0.770703 0.016406 0.035156
0 0.573438 0.017969 0.012500 0.026562
0 0.105078 0.956641 0.021094 0.042969
0 0.919922 0.449609 0.013281 0.028906
0 0.432031 0.128906 0.012500 0.026562
0 0.442969 0.663672 0.020313 0.042969
0 0.160547 0.662109 0.017969 0.036719
0 0.339453 0.890234 0.021094 0.046094
0 0.150781 0.712109 0.020313 0.044531
0 0.382031 0.818359 0.020313 0.044531
0 0.425781 0.188672 0.018750 0.039844
0 0.660547 0.915234 0.021094 0.044531
0 0.153125 0.188281 0.015625 0.034375
0 0.442969 0.180859 0.014063 0.030469
0 0.371875 0.020313 0.015625 0.034375
0 0.546875 0.761719 0.020313 0.042188
0 0.570312 0.262891 0.021875 0.046094
0 0.032813 0.569141 0.018750 0.039844
0 0.074219 0.537891 0.014063 0.030469
