0 0.664719 0.333713 0.005239 0.015959
0 0.172476 0.525221 0.004836 0.014819
0 0.607495 0.964805 0.003627 0.011114
0 0.942978 0.183528 0.004433 0.013109
0 0.326315 0.387147 0.005440 0.015674
0 0.018134 0.749216 0.004030 0.012539
0 0.353617 0.907808 0.003627 0.011114
0 0.788636 0.620120 0.004030 0.011969
0 0.866512 0.223140 0.004231 0.013109
0 0.366714 0.636506 0.004433 0.013394
0 0.096111 0.398119 0.003627 0.010829
0 0.701894 0.498148 0.003828 0.011399
0 0.624219 0.380878 0.004433 0.013394
0 0.059742 0.570105 0.004231 0.012824
