0 0.444141 0.303125 0.013281 0.029687
0 0.433984 0.551172 0.017969 0.038281
0 0.570312 0.435937 0.015625 0.032813
0 0.652734 0.199219 0.017969 0.037500
0 0.368359 0.544141 0.021094 0.046094
0 0.451562 0.735547 0.020313 0.044531
0 0.610156 0.277734 0.015625 0.033594
0 0.025391 0.055469 0.021094 0.045312
0 0.300000 0.846875 0.020313 0.043750
0 0.114453 0.978516 0.017969 0.039844
0 0.151172 0.912109 0.021094 0.046094
0 0.623437 0.341797 0.021875 0.044531
0 0.864453 0.931641 0.013281 0.028906
0 0.553125 0.948828 0.018750 0.039844
0 0.954688 0.534375 0.018750 0.040625
0 0.383203 0.399609 0.017969 0.038281
0 0.650000 0.297656 0.021875 0.045312
0 0.014844 0.317578 0.014063 0.030469
0 0.616797 0.725391 0.017969 0.036719
0 0.293359 0.538281 0.014844 0.032813
0 0.923047 0.731250 0.013281 0.029687
0 0.226562 0.689844 0.021875 0.046875
0 0.698047 0.634766 0.017969 0.038281
0 0.310156 0.492578 0.017188 0.038281
0 0.751563 0.712500 0.020313 0.043750
0 0.200391 0.856250 0.014844 0.031250
0 0.320312 0.055859 0.021875 0.044531
0 0.864062 0.320312 0.020313 0.043750
0 0.288281 0.737109 0.017188 0.036719
0 0.678906 0.402344 0.015625 0.032813
