0 0.614258 0.618176 0.010742 0.032481
0 0.656006 0.134070 0.011230 0.034554
0 0.338135 0.410850 0.012207 0.035245
0 0.758301 0.736006 0.011719 0.035936
0 0.133789 0.935384 0.011719 0.035245
0 0.443604 0.429164 0.012207 0.037319
0 0.659668 0.040428 0.010742 0.032481
0 0.273926 0.035936 0.010742 0.033172
0 0.876221 0.809606 0.008301 0.025570
0 0.071533 0.261230 0.009277 0.029026
0 0.777588 0.082585 0.012207 0.036628
0 0.441406 0.512440 0.012695 0.036628
0 0.976562 0.559088 0.008789 0.027643
0 0.589844 0.953697 0.010742 0.033172
