0 0.494141 0.476503 0.010742 0.032481
0 0.247803 0.963372 0.009277 0.029026
0 0.333252 0.802004 0.012207 0.038010
0 0.713135 0.783690 0.012207 0.037319
0 0.241943 0.470629 0.012207 0.037319
0 0.335693 0.505874 0.010254 0.030408
0 0.317383 0.084658 0.010742 0.032481
0 0.780029 0.744644 0.011230 0.033863
0 0.278076 0.223220 0.009277 0.029026
0 0.694580 0.826192 0.010254 0.031099
0 0.496094 0.525225 0.009766 0.030408
0 0.777832 0.810643 0.008789 0.027643
0 0.722168 0.054941 0.011719 0.035245
0 0.747070 0.108500 0.012695 0.038701
