0 0.718262 0.852453 0.010742 0.032481
0 0.035889 0.511403 0.010254 0.030408
0 0.137695 0.817208 0.008789 0.026952
0 0.461670 0.714236 0.009277 0.028334
0 0.379883 0.627851 0.011719 0.036628
0 0.391846 0.297858 0.012207 0.037319
0 0.793701 0.662059 0.010254 0.030408
0 0.572998 0.649620 0.009277 0.027643
0 0.281982 0.334831 0.008301 0.025570
0 0.858643 0.258811 0.012207 0.036628
0 0.181396 0.915688 0.011230 0.034554
0 0.124268 0.809261 0.012207 0.037319
0 0.896973 0.529026 0.011719 0.035245
0 0.356445 0.468556 0.010742 0.033172
