0 0.237500 0.457813 0.021875 0.046875
0 0.629687 0.918359 0.014063 0.030469
0 0.129688 0.448047 0.020313 0.042969
0 0.748047 0.530078 0.016406 0.035156
0 0.303125 0.450391 0.017188 0.036719
0 0.160938 0.515625 0.021875 0.046875
0 0.339062 0.401562 0.015625 0.032813
0 0.617188 0.887891 0.020313 0.042969
0 0.099609 0.723437 0.017969 0.039062
0 0.314453 0.406641 0.016406 0.035156
0 0.547266 0.750781 0.013281 0.028125
0 0.183984 0.250781 0.016406 0.035937
0 0.175000 0.132812 0.014063 0.029687
0 0.242578 0.967187 0.019531 0.042188
