0 0.219727 0.203525 0.011719 0.036628
0 0.160156 0.708708 0.008789 0.026952
0 0.469238 0.375950 0.012695 0.037319
0 0.686523 0.238424 0.010742 0.033172
0 0.858154 0.948169 0.012207 0.037319
0 0.138672 0.460608 0.011719 0.035245
0 0.496094 0.563234 0.010742 0.033172
0 0.843750 0.074292 0.011719 0.036628
0 0.305908 0.810643 0.012207 0.037319
0 0.614746 0.313753 0.009766 0.029026
0 0.898926 0.763303 0.008789 0.026952
0 0.953125 0.132343 0.011719 0.036628
0 0.378174 0.303041 0.009277 0.028334
0 0.809814 0.755010 0.009277 0.028334
0 0.724609 0.139599 0.009766 0.030408
