0 0.968750 0.183203 0.015625 0.033594
0 0.341016 0.744531 0.013281 0.029687
0 0.338672 0.049609 0.016406 0.035156
0 0.915234 0.110156 0.021094 0.045312
0 0.167969 0.035156 0.021875 0.046875
0 0.108984 0.562109 0.014844 0.030469
0 0.440625 0.680859 0.015625 0.033594
0 0.657422 0.411719 0.019531 0.042188
0 0.335156 0.099609 0.017188 0.036719
0 0.656250 0.939063 0.012500 0.026562
0 0.652734 0.964453 0.017969 0.039844
0 0.512891 0.889453 0.013281 0.028906
0 0.844922 0.424609 0.016406 0.035156
0 0.641016 0.705469 0.019531 0.042188
0 0.682813 0.798828 0.020313 0.041406
0 0.109766 0.285547 0.013281 0.028906
0 0.274609 0.888672 0.013281 0.028906
0 0.615234 0.114844 0.014844 0.032813
0 0.316797 0.671484 0.019531 0.041406
0 0.742578 0.374219 0.021094 0.045312
0 0.913672 0.716016 0.019531 0.042969
0 0.497266 0.267578 0.013281 0.028906
