0 0.260156 0.621875 0.014063 0.031250
0 0.832422 0.106641 0.019531 0.041406
0 0.477344 0.616797 0.015625 0.033594
0 0.562500 0.697656 0.012500 0.028125
0 0.764062 0.405078 0.012500 0.025781
0 0.885547 0.922656 0.021094 0.045312
0 0.253906 0.642969 0.021875 0.046875
0 0.400781 0.974219 0.012500 0.026562
0 0.511328 0.275391 0.017969 0.038281
0 0.850781 0.056641 0.012500 0.025781
0 0.303906 0.583203 0.015625 0.033594
0 0.911328 0.741016 0.016406 0.035156
0 0.642188 0.225391 0.021875 0.044531
0 0.215625 0.399609 0.020313 0.042969
0 0.645703 0.169531 0.011719 0.025000
