0 0.051953 0.454688 0.014844 0.032813
0 0.394141 0.368750 0.016406 0.034375
0 0.393750 0.930469 0.015625 0.034375
0 0.081641 0.068359 0.013281 0.028906
0 0.664844 0.511719 0.014063 0.031250
0 0.816016 0.095703 0.021094 0.046094
0 0.007031 0.939453 0.014063 0.030469
0 0.710156 0.832812 0.012500 0.028125
0 0.527344 0.984766 0.012500 0.027344
0 0.591797 0.429688 0.016406 0.034375
0 0.602344 0.570312 0.020313 0.043750
0 0.196484 0.948438 0.021094 0.045312
0 0.101953 0.114453 0.011719 0.025781
0 0.389844 0.376172 0.012500 0.025781
0 0.605859 0.585547 0.011719 0.025781
0 0.085156 0.487500 0.020313 0.043750
0 0.193750 0.044922 0.018750 0.041406
0 0.696094 0.847656 0.012500 0.026562
