0 0.382812 0.300391 0.018750 0.039844
0 0.183594 0.814063 0.015625 0.032813
0 0.798828 0.946484 0.016406 0.035156
0 0.249609 0.482812 0.017969 0.039062
0 0.836328 0.331641 0.013281 0.027344
0 0.501953 0.598047 0.016406 0.035156
0 0.919141 0.971484 0.011719 0.025781
0 0.841016 0.393359 0.022656 0.047656
0 0.898828 0.498828 0.019531 0.042969
0 0.205859 0.125391 0.013281 0.028906
0 0.706250 0.944141 0.012500 0.025781
0 0.155078 0.491797 0.017969 0.038281
0 0.760156 0.601953 0.012500 0.027344
0 0.798828 0.392969 0.013281 0.029687
0 0.904297 0.741016 0.017969 0.038281
0 0.921484 0.814453 0.021094 0.046094
0 0.032813 0.863672 0.020313 0.044531
0 0.619531 0.391406 0.018750 0.040625
0 0.898438 0.359375 0.017188 0.037500
0 0.727734 0.623047 0.011719 0.025781
0 0.157422 0.104297 0.021094 0.046094
0 0.675000 0.923047 0.018750 0.038281
0 0.817969 0.576172 0.020313 0.044531
0 0.222656 0.575391 0.021875 0.046094
