0 0.580078 0.938672 0.017969 0.038281
0 0.021875 0.716406 0.021875 0.046875
0 0.945312 0.296094 0.012500 0.026562
0 0.365234 0.182031 0.013281 0.028125
0 0.858203 0.799219 0.017969 0.037500
0 0.460938 0.445312 0.015625 0.034375
0 0.291406 0.606250 0.018750 0.040625
0 0.573828 0.898438 0.011719 0.026562
0 0.344141 0.597266 0.011719 0.025781
0 0.505078 0.260937 0.022656 0.046875
0 0.269141 0.280859 0.019531 0.042969
0 0.623047 0.658203 0.014844 0.032031
0 0.117969 0.248438 0.012500 0.028125
0 0.192969 0.495312 0.014063 0.029687
0 0.065234 0.794922 0.022656 0.046094
0 0.723437 0.270703 0.017188 0.036719
