0 0.405518 0.824810 0.012207 0.035245
0 0.322266 0.368003 0.009766 0.029717
0 0.334229 0.034900 0.010254 0.031099
0 0.859131 0.828611 0.010254 0.030408
0 0.609375 0.697996 0.009766 0.030408
0 0.311523 0.452315 0.009766 0.029717
0 0.050049 0.352108 0.011230 0.032481
0 0.757324 0.175190 0.010742 0.032481
0 0.884766 0.212163 0.009766 0.030408
0 0.809814 0.030408 0.010254 0.030408
0 0.237793 0.223566 0.010742 0.032481
0 0.274902 0.966137 0.010742 0.033172
0 0.701660 0.916033 0.012695 0.038010
0 0.468018 0.865238 0.009277 0.027643
