0 0.157667 0.321602 0.005037 0.015104
0 0.808987 0.376176 0.005239 0.015959
0 0.688696 0.423910 0.004433 0.013394
0 0.623816 0.983186 0.005239 0.015959
0 0.740782 0.190938 0.004231 0.011969
0 0.950735 0.626389 0.005037 0.015389
0 0.283296 0.164862 0.004433 0.013394
0 0.891296 0.792106 0.005037 0.015104
0 0.407516 0.269165 0.004634 0.013394
0 0.113036 0.904104 0.004836 0.014534
0 0.443482 0.138928 0.003627 0.011114
0 0.644570 0.827586 0.004030 0.012539
0 0.618174 0.057424 0.003627 0.011114
0 0.168849 0.740667 0.004433 0.013109
