0 0.347656 0.021484 0.012500 0.027344
0 0.127734 0.365625 0.021094 0.045312
0 0.544922 0.081250 0.014844 0.031250
0 0.375000 0.227734 0.020313 0.044531
0 0.620313 0.566016 0.020313 0.041406
0 0.775781 0.046094 0.021875 0.046875
0 0.886328 0.850781 0.016406 0.035937
0 0.734375 0.361328 0.012500 0.027344
0 0.341797 0.173437 0.022656 0.046875
0 0.130469 0.586328 0.014063 0.030469
0 0.332422 0.434766 0.017969 0.038281
0 0.089844 0.924219 0.020313 0.043750
0 0.182422 0.132812 0.019531 0.042188
0 0.188281 0.073047 0.021875 0.046094
0 0.717578 0.837109 0.014844 0.032031
0 0.789453 0.100781 0.013281 0.029687
0 0.210938 0.923438 0.015625 0.034375
0 0.133203 0.646875 0.019531 0.042188
0 0.674219 0.853906 0.020313 0.043750
0 0.764453 0.441797 0.016406 0.035156
0 0.916016 0.729297 0.013281 0.028906
0 0.664844 0.512500 0.018750 0.040625
0 0.970313 0.400781 0.017188 0.037500
0 0.139453 0.320312 0.013281 0.028125
0 0.522656 0.075781 0.018750 0.040625
0 0.173437 0.765625 0.015625 0.034375
0 0.368359 0.619141 0.021094 0.046094
0 0.254297 0.654297 0.014844 0.032031
0 0.297656 0.057031 0.018750 0.040625
0 0.168359 0.027344 0.017969 0.039062
