0 0.953906 0.096875 0.012500 0.026562
0 0.497266 0.649609 0.019531 0.042969
0 0.076172 0.518750 0.019531 0.042188
0 0.700781 0.439453 0.017188 0.036719
0 0.664844 0.323828 0.018750 0.039844
0 0.728125 0.683984 0.012500 0.027344
0 0.435547 0.547656 0.011719 0.026562
0 0.575781 0.889062 0.021875 0.046875
0 0.261328 0.037109 0.021094 0.046094
0 0.945312 0.789844 0.021875 0.046875
0 0.599609 0.664062 0.016406 0.035937
0 0.678906 0.410156 0.017188 0.037500
0 0.298047 0.398438 0.017969 0.039062
0 0.179297 0.387500 0.017969 0.039062
0 0.180469 0.070312 0.021875 0.046875
0 0.036719 0.220312 0.017188 0.037500
0 0.633203 0.056641 0.016406 0.035156
0 0.903906 0.103125 0.015625 0.034375
0 0.291406 0.480859 0.014063 0.030469
0 0.112891 0.983203 0.014844 0.032031
0 0.970703 0.764062 0.017969 0.039062
