0 0.542578 0.429688 0.019531 0.042188
0 0.870703 0.424609 0.022656 0.047656
0 0.831641 0.192578 0.021094 0.046094
0 0.087109 0.506250 0.013281 0.028125
0 0.887500 0.098437 0.018750 0.040625
0 0.760938 0.885547 0.015625 0.033594
0 0.220703 0.830078 0.016406 0.033594
0 0.585156 0.087891 0.021875 0.047656
0 0.411328 0.315234 0.019531 0.042969
0 0.962109 0.036328 0.013281 0.027344
0 0.113281 0.846094 0.021875 0.046875
0 0.718359 0.462500 0.011719 0.026562
0 0.200391 0.031641 0.019531 0.041406
0 0.451562 0.252734 0.012500 0.025781
0 0.849609 0.319141 0.022656 0.046094
0 0.826172 0.530078 0.022656 0.046094
0 0.650000 0.412891 0.014063 0.030469
0 0.511719 0.921484 0.020313 0.044531
0 0.229297 0.379688 0.017969 0.039062
0 0.400391 0.097656 0.017969 0.039062
0 0.726172 0.903125 0.016406 0.035937
0 0.587500 0.392188 0.014063 0.031250
0 0.150781 0.610938 0.018750 0.040625
0 0.367188 0.100781 0.020313 0.043750
0 0.617188 0.103906 0.012500 0.026562
0 0.083984 0.956250 0.011719 0.026562
