0 0.573730 0.750864 0.011719 0.035245
0 0.806396 0.343469 0.012207 0.035936
0 0.627930 0.104008 0.010742 0.032481
0 0.927734 0.511748 0.012695 0.036628
0 0.816406 0.182101 0.010742 0.032481
0 0.176758 0.904285 0.012695 0.036628
0 0.597168 0.414997 0.011719 0.035245
0 0.706543 0.484796 0.011719 0.035245
0 0.407471 0.653766 0.009277 0.027643
0 0.154297 0.843124 0.008789 0.027643
0 0.967529 0.717001 0.013184 0.038010
0 0.471680 0.092605 0.010742 0.030408
0 0.251709 0.552868 0.012207 0.037319
0 0.507568 0.195923 0.010254 0.031099
0 0.352295 0.573946 0.009277 0.028334
