0 0.742188 0.454688 0.014063 0.029687
0 0.194922 0.904297 0.017969 0.038281
0 0.819141 0.427344 0.016406 0.035937
0 0.545703 0.858984 0.014844 0.032031
0 0.692969 0.239063 0.021875 0.046875
0 0.552734 0.461328 0.011719 0.025781
0 0.035547 0.190234 0.021094 0.046094
0 0.759375 0.625391 0.015625 0.033594
0 0.148438 0.821875 0.020313 0.042188
0 0.099219 0.688672 0.017188 0.036719
0 0.039844 0.196875 0.015625 0.034375
0 0.132812 0.356250 0.021875 0.046875
0 0.703906 0.745313 0.015625 0.032813
0 0.883984 0.596484 0.016406 0.035156
0 0.871875 0.214062 0.021875 0.046875
0 0.394141 0.530859 0.014844 0.030469
0 0.701562 0.197266 0.020313 0.042969
0 0.251563 0.318750 0.012500 0.026562
0 0.809375 0.933984 0.020313 0.044531
0 0.318750 0.685547 0.018750 0.038281
0 0.930859 0.077344 0.011719 0.026562
0 0.523828 0.544531 0.014844 0.031250
0 0.072266 0.910547 0.013281 0.028906
0 0.185938 0.153125 0.014063 0.029687
0 0.833594 0.112109 0.017188 0.038281
0 0.230469 0.111719 0.015625 0.034375
0 0.453516 0.494531 0.013281 0.028125
0 0.835938 0.468359 0.014063 0.030469
