0 0.792363 0.206754 0.004634 0.014534
0 0.840117 0.493588 0.005037 0.015389
0 0.734636 0.253776 0.005239 0.015674
0 0.437336 0.776432 0.003828 0.011684
0 0.448519 0.583072 0.004030 0.011969
0 0.562865 0.806213 0.003425 0.010829
0 0.832460 0.504845 0.004634 0.013964
0 0.342837 0.839555 0.004634 0.014249
0 0.457082 0.251496 0.004231 0.012824
0 0.570421 0.172414 0.004030 0.012539
0 0.079690 0.909376 0.004634 0.014249
0 0.428269 0.776575 0.003828 0.011969
0 0.676002 0.396694 0.004433 0.013679
0 0.991134 0.258051 0.004836 0.014534
