0 0.130469 0.734375 0.018750 0.039062
0 0.483594 0.340234 0.012500 0.027344
0 0.356641 0.304688 0.016406 0.035937
0 0.226562 0.880859 0.017188 0.036719
0 0.551953 0.769922 0.021094 0.042969
0 0.246875 0.170313 0.015625 0.032813
0 0.344531 0.186328 0.020313 0.042969
0 0.108984 0.889453 0.016406 0.035156
0 0.673438 0.292578 0.015625 0.032031
0 0.981641 0.794531 0.019531 0.042188
0 0.524609 0.199609 0.013281 0.027344
0 0.868750 0.543750 0.020313 0.043750
0 0.168359 0.609375 0.013281 0.028125
0 0.787891 0.296484 0.022656 0.047656
0 0.859375 0.179688 0.021875 0.046875
0 0.369531 0.361719 0.017188 0.037500
0 0.375391 0.205859 0.013281 0.028906
0 0.361719 0.309375 0.018750 0.040625
0 0.839844 0.202734 0.018750 0.039844
0 0.698828 0.798438 0.016406 0.035937
0 0.633594 0.232422 0.020313 0.044531
0 0.714844 0.462109 0.014063 0.030469
0 0.350391 0.501563 0.016406 0.034375
0 0.024609 0.078516 0.016406 0.035156
0 0.897266 0.507422 0.014844 0.032031
0 0.211328 0.712500 0.014844 0.032813
0 0.424219 0.661719 0.015625 0.032813
