0 0.829688 0.195703 0.020313 0.042969
0 0.765234 0.755078 0.017969 0.038281
0 0.067969 0.791406 0.021875 0.046875
0 0.815625 0.778125 0.018750 0.040625
0 0.644141 0.595703 0.011719 0.025781
0 0.811328 0.833594 0.019531 0.040625
0 0.587109 0.066016 0.013281 0.028906
0 0.825000 0.164062 0.015625 0.034375
0 0.423047 0.534375 0.014844 0.032813
0 0.403906 0.871094 0.020313 0.043750
0 0.764062 0.446484 0.021875 0.046094
0 0.283984 0.589453 0.019531 0.041406
0 0.941016 0.489453 0.021094 0.046094
0 0.144141 0.469141 0.016406 0.035156
0 0.126562 0.285547 0.014063 0.030469
0 0.367578 0.714453 0.014844 0.032031
0 0.145313 0.966797 0.014063 0.030469
0 0.076563 0.829297 0.017188 0.036719
0 0.463281 0.226562 0.021875 0.046875
0 0.504687 0.747266 0.021875 0.044531
0 0.395703 0.804688 0.021094 0.043750
