0 0.365625 0.597656 0.014063 0.031250
0 0.355078 0.928516 0.013281 0.028906
0 0.919922 0.125781 0.021094 0.045312
0 0.989844 0.564844 0.017188 0.037500
0 0.897266 0.557813 0.016406 0.035937
0 0.498047 0.705859 0.016406 0.035156
0 0.376563 0.327734 0.014063 0.028906
0 0.984375 0.933594 0.018750 0.039062
0 0.244141 0.852734 0.017969 0.036719
0 0.464844 0.199219 0.014063 0.029687
0 0.249609 0.781250 0.014844 0.031250
0 0.936328 0.406250 0.017969 0.039062
0 0.356250 0.795703 0.018750 0.041406
0 0.290234 0.286328 0.014844 0.032031
0 0.570703 0.766406 0.014844 0.032813
0 0.063281 0.487500 0.015625 0.031250
