0 0.256592 0.059433 0.010254 0.030408
0 0.415527 0.722529 0.010742 0.032481
0 0.074463 0.895301 0.012207 0.036628
0 0.578857 0.024879 0.010254 0.031790
0 0.905029 0.021769 0.011230 0.033863
0 0.205811 0.034900 0.011230 0.033863
0 0.740479 0.286800 0.011230 0.034554
0 0.220703 0.929164 0.012695 0.038010
0 0.010010 0.717001 0.010254 0.029717
0 0.809082 0.747063 0.010742 0.033172
0 0.921875 0.948514 0.011719 0.035245
0 0.082031 0.782308 0.012695 0.037319
0 0.604248 0.974775 0.011230 0.035245
0 0.155762 0.525570 0.012695 0.038010
0 0.122070 0.661714 0.009766 0.029717
