0 0.952344 0.231641 0.014063 0.030469
0 0.630078 0.021094 0.013281 0.029687
0 0.281641 0.237500 0.013281 0.029687
0 0.040625 0.900781 0.014063 0.029687
0 0.814063 0.342578 0.012500 0.027344
0 0.116797 0.582422 0.022656 0.046094
0 0.531641 0.927734 0.019531 0.041406
0 0.925000 0.693750 0.012500 0.026562
0 0.401953 0.151953 0.022656 0.046094
0 0.252734 0.120703 0.021094 0.044531
0 0.661328 0.060937 0.013281 0.028125
0 0.883594 0.659375 0.015625 0.034375
0 0.262891 0.174609 0.017969 0.038281
0 0.405859 0.758203 0.022656 0.046094
0 0.677734 0.923047 0.021094 0.042969
0 0.302734 0.815234 0.013281 0.028906
0 0.196484 0.145313 0.017969 0.039062
0 0.039453 0.291406 0.014844 0.032813
0 0.304297 0.173437 0.016406 0.034375
0 0.523828 0.221875 0.021094 0.045312
0 0.742188 0.564453 0.017188 0.036719
0 0.089063 0.433203 0.017188 0.035156
0 0.707812 0.030469 0.015625 0.034375
0 0.312500 0.874219 0.018750 0.040625
0 0.325781 0.410156 0.017188 0.037500
0 0.512109 0.960156 0.013281 0.028125
0 0.409375 0.648438 0.020313 0.043750
0 0.161719 0.595313 0.020313 0.043750
0 0.531641 0.814453 0.022656 0.046094
0 0.637109 0.453125 0.021094 0.045312
