0 0.298438 0.107031 0.021875 0.046875
0 0.308203 0.826953 0.019531 0.042969
0 0.603125 0.360938 0.021875 0.046875
0 0.369531 0.648438 0.012500 0.026562
0 0.484375 0.760156 0.020313 0.043750
0 0.440625 0.486328 0.015625 0.033594
0 0.556641 0.646875 0.019531 0.040625
0 0.810937 0.181641 0.021875 0.046094
0 0.307422 0.274219 0.019531 0.040625
0 0.457031 0.380859 0.020313 0.044531
0 0.901172 0.125781 0.013281 0.026562
0 0.944922 0.413672 0.021094 0.044531
0 0.960547 0.064062 0.014844 0.031250
0 0.882812 0.645312 0.021875 0.046875
0 0.533594 0.696094 0.020313 0.043750
0 0.134766 0.123047 0.021094 0.046094
0 0.492969 0.887109 0.020313 0.042969
0 0.856641 0.466016 0.013281 0.028906
0 0.400781 0.296484 0.014063 0.030469
0 0.492969 0.496875 0.021875 0.046875
0 0.491406 0.142187 0.012500 0.026562
0 0.171875 0.259375 0.020313 0.043750
0 0.834766 0.020313 0.014844 0.031250
0 0.641406 0.477734 0.017188 0.036719
