0 0.130078 0.776172 0.021094 0.042969
0 0.930859 0.826172 0.016406 0.035156
0 0.061719 0.535156 0.014063 0.031250
0 0.308594 0.289453 0.012500 0.027344
0 0.666406 0.545312 0.021875 0.046875
0 0.961328 0.898828 0.021094 0.044531
0 0.060937 0.828125 0.017188 0.037500
0 0.823438 0.314844 0.018750 0.040625
0 0.749219 0.502734 0.017188 0.035156
0 0.505859 0.831250 0.021094 0.045312
0 0.808203 0.133984 0.011719 0.025781
0 0.398438 0.972656 0.017188 0.037500
0 0.313281 0.073828 0.017188 0.035156
0 0.181641 0.507422 0.021094 0.044531
0 0.828125 0.304688 0.015625 0.034375
0 0.807031 0.913672 0.012500 0.027344
0 0.887500 0.466016 0.012500 0.027344
0 0.057422 0.478125 0.017969 0.039062
