0 0.795312 0.346484 0.014063 0.030469
0 0.939063 0.817578 0.020313 0.041406
0 0.820312 0.776953 0.015625 0.033594
0 0.749609 0.189844 0.021094 0.045312
0 0.751172 0.462109 0.019531 0.041406
0 0.946875 0.512891 0.015625 0.033594
0 0.617969 0.694141 0.017188 0.035156
0 0.048047 0.033984 0.011719 0.025781
0 0.028516 0.722266 0.011719 0.025781
0 0.512109 0.037500 0.021094 0.045312
0 0.245703 0.919922 0.019531 0.041406
0 0.646484 0.348047 0.021094 0.046094
0 0.343359 0.657813 0.019531 0.042188
0 0.922656 0.039844 0.021875 0.046875
0 0.612500 0.113672 0.018750 0.041406
0 0.275000 0.455859 0.020313 0.044531
