0 0.393359 0.320703 0.017969 0.039844
0 0.135156 0.389453 0.020313 0.042969
0 0.669531 0.832422 0.015625 0.033594
0 0.265234 0.365625 0.016406 0.035937
0 0.937891 0.283203 0.019531 0.041406
0 0.385156 0.037891 0.014063 0.028906
0 0.323047 0.061328 0.019531 0.042969
0 0.231641 0.261719 0.014844 0.032813
0 0.535937 0.951953 0.017188 0.036719
0 0.314844 0.215625 0.012500 0.026562
0 0.446875 0.036719 0.015625 0.031250
0 0.363672 0.593750 0.019531 0.042188
0 0.532813 0.969922 0.012500 0.027344
0 0.899219 0.178906 0.018750 0.040625
0 0.821875 0.067969 0.018750 0.040625
0 0.270313 0.659375 0.015625 0.034375
0 0.905078 0.459375 0.016406 0.035937
0 0.877734 0.733984 0.021094 0.042969
0 0.151172 0.193359 0.013281 0.028906
0 0.380078 0.117578 0.019531 0.039844
0 0.718359 0.272266 0.021094 0.046094
0 0.799219 0.215234 0.018750 0.039844
0 0.287109 0.823438 0.021094 0.045312
0 0.722266 0.026562 0.019531 0.042188
0 0.740234 0.857812 0.013281 0.028125
0 0.125391 0.867188 0.013281 0.028125
0 0.353125 0.407813 0.012500 0.026562
