0 0.487500 0.486719 0.018750 0.040625
0 0.626953 0.231641 0.019531 0.041406
0 0.851172 0.906641 0.019531 0.039844
0 0.409375 0.910547 0.020313 0.044531
0 0.271094 0.447266 0.021875 0.046094
0 0.505078 0.113281 0.021094 0.045312
0 0.840234 0.380859 0.017969 0.038281
0 0.206641 0.017188 0.014844 0.031250
0 0.958984 0.358984 0.021094 0.046094
0 0.130859 0.442578 0.013281 0.028906
0 0.931641 0.648828 0.019531 0.041406
0 0.544531 0.356641 0.012500 0.027344
0 0.079297 0.850391 0.019531 0.041406
0 0.438672 0.984375 0.014844 0.031250
0 0.167187 0.382812 0.014063 0.029687
