0 0.876563 0.215625 0.012500 0.026562
0 0.096484 0.621484 0.011719 0.025781
0 0.391016 0.429688 0.014844 0.032813
0 0.912109 0.361328 0.021094 0.046094
0 0.291406 0.293359 0.015625 0.032031
0 0.245703 0.523828 0.014844 0.032031
0 0.015234 0.749609 0.019531 0.041406
0 0.633594 0.246484 0.020313 0.044531
0 0.402344 0.087891 0.018750 0.038281
0 0.654687 0.249219 0.018750 0.039062
0 0.975781 0.394141 0.012500 0.027344
0 0.286328 0.932422 0.014844 0.032031
0 0.742578 0.585547 0.014844 0.032031
0 0.906641 0.923438 0.019531 0.042188
0 0.326172 0.660547 0.011719 0.025781
