0 0.506145 0.853377 0.004836 0.015104
0 0.610216 0.069250 0.005037 0.014819
0 0.107395 0.235965 0.004030 0.011969
0 0.814628 0.338558 0.004836 0.014819
0 0.766774 0.125962 0.004634 0.014249
0 0.496575 0.623112 0.003425 0.010544
0 0.696555 0.038472 0.003627 0.010829
0 0.424139 0.629382 0.004433 0.013394
0 0.347975 0.981049 0.004433 0.013394
0 0.302237 0.629239 0.004433 0.013679
0 0.214890 0.507837 0.005037 0.015389
0 0.582813 0.271730 0.003828 0.011114
0 0.973101 0.703477 0.003828 0.011114
0 0.814024 0.427187 0.004836 0.014819
0 0.784707 0.319037 0.003828 0.011684
