0 0.563672 0.415234 0.016406 0.035156
0 0.771875 0.194922 0.018750 0.041406
0 0.235937 0.737500 0.014063 0.029687
0 0.434766 0.866406 0.022656 0.046875
0 0.154688 0.889062 0.012500 0.026562
0 0.371875 0.121875 0.012500 0.028125
0 0.860547 0.587500 0.013281 0.029687
0 0.860547 0.093750 0.017969 0.039062
0 0.893359 0.767578 0.019531 0.039844
0 0.303906 0.693750 0.014063 0.031250
0 0.771875 0.500000 0.021875 0.045312
0 0.981641 0.576953 0.016406 0.035156
0 0.279687 0.151562 0.018750 0.040625
0 0.553906 0.949219 0.021875 0.046875
0 0.312109 0.486328 0.014844 0.032031
0 0.565625 0.258594 0.017188 0.037500
0 0.812891 0.230078 0.021094 0.044531
0 0.491406 0.427734 0.015625 0.033594
0 0.335547 0.728125 0.021094 0.045312
0 0.917969 0.345313 0.020313 0.042188
0 0.909375 0.738281 0.017188 0.037500
0 0.855469 0.553906 0.018750 0.040625
0 0.127344 0.084375 0.021875 0.046875
0 0.545703 0.488281 0.017969 0.039062
0 0.205859 0.677734 0.019531 0.042969
0 0.221094 0.403125 0.020313 0.043750
0 0.456641 0.798438 0.013281 0.029687
