0 0.318759 0.249644 0.004433 0.013679
0 0.326214 0.251496 0.004433 0.013394
0 0.368729 0.249786 0.004836 0.014534
0 0.375882 0.250784 0.003425 0.010829
0 0.820572 0.500855 0.005037 0.015674
0 0.830244 0.498575 0.004231 0.012824
0 0.839210 0.500712 0.003627 0.011399
0 0.847874 0.499003 0.003627 0.011399
0 0.856438 0.501425 0.003425 0.010544
0 0.865404 0.498575 0.004433 0.013394
0 0.875277 0.499430 0.005239 0.015674
0 0.884848 0.501425 0.003828 0.011684
0 0.893713 0.500997 0.003828 0.011969
0 0.903083 0.500142 0.004836 0.014819
0 0.726375 0.749644 0.004433 0.012824
0 0.737054 0.750214 0.003627 0.011114
0 0.748035 0.751069 0.005037 0.015104
0 0.759520 0.750214 0.004634 0.014534
0 0.770502 0.750071 0.004030 0.012539
0 0.780879 0.748504 0.003425 0.010544
0 0.791155 0.749074 0.003828 0.011684
0 0.801531 0.749501 0.003627 0.011399
0 0.812311 0.751069 0.004634 0.014534
0 0.823695 0.750926 0.004836 0.014819
