0 0.924038 0.913223 0.004433 0.013394
0 0.543018 0.653605 0.004030 0.012254
0 0.979045 0.492875 0.003627 0.011114
0 0.895225 0.071530 0.004836 0.014819
0 0.053093 0.357224 0.003828 0.011684
0 0.802337 0.928470 0.003627 0.010829
0 0.157767 0.744372 0.004030 0.012539
0 0.435523 0.550157 0.004634 0.013964
0 0.182450 0.905814 0.005037 0.015104
0 0.684163 0.643773 0.004634 0.014249
0 0.609208 0.294386 0.003828 0.011399
0 0.650615 0.221288 0.004433 0.013394
0 0.042112 0.491736 0.004433 0.013394
0 0.735946 0.067826 0.004231 0.012539
