0 0.539453 0.162500 0.013281 0.029687
0 0.335547 0.474609 0.017969 0.038281
0 0.741406 0.648828 0.015625 0.032031
0 0.564453 0.228125 0.016406 0.035937
0 0.544141 0.789062 0.013281 0.028125
0 0.675000 0.108594 0.017188 0.037500
0 0.635547 0.197266 0.013281 0.028906
0 0.699219 0.358594 0.018750 0.040625
0 0.083984 0.271875 0.019531 0.042188
0 0.178906 0.693359 0.014063 0.030469
0 0.706250 0.556641 0.018750 0.039844
0 0.449609 0.069531 0.014844 0.032813
0 0.017188 0.938281 0.015625 0.032813
0 0.888672 0.513672 0.017969 0.038281
0 0.355078 0.948438 0.013281 0.029687
0 0.474219 0.939063 0.020313 0.043750
0 0.328906 0.425391 0.020313 0.041406
0 0.975781 0.874609 0.012500 0.027344
0 0.611328 0.407422 0.019531 0.041406
0 0.118359 0.615625 0.014844 0.032813
0 0.171484 0.750781 0.014844 0.031250
0 0.300000 0.794922 0.012500 0.025781
0 0.194922 0.876172 0.021094 0.044531
0 0.415625 0.660547 0.017188 0.036719
0 0.942578 0.377344 0.013281 0.029687
0 0.012500 0.496094 0.021875 0.046875
0 0.373047 0.902734 0.017969 0.038281
