0 0.914453 0.376953 0.014844 0.032031
0 0.557813 0.437109 0.015625 0.033594
0 0.080469 0.810547 0.017188 0.036719
0 0.021094 0.415234 0.021875 0.047656
0 0.074609 0.667188 0.022656 0.046875
0 0.629297 0.156250 0.019531 0.042188
0 0.360156 0.670312 0.014063 0.031250
0 0.522266 0.586719 0.021094 0.045312
0 0.730469 0.479687 0.012500 0.026562
0 0.418750 0.292578 0.012500 0.027344
0 0.702734 0.732422 0.017969 0.038281
0 0.119531 0.198437 0.020313 0.043750
0 0.210156 0.887891 0.015625 0.033594
0 0.314453 0.775781 0.013281 0.028125
0 0.374609 0.717578 0.016406 0.035156
0 0.439844 0.617578 0.021875 0.046094
0 0.427734 0.742969 0.014844 0.031250
0 0.080469 0.946094 0.012500 0.026562
0 0.667969 0.257422 0.014063 0.030469
0 0.091797 0.866406 0.013281 0.028125
0 0.975391 0.258203 0.014844 0.032031
0 0.652344 0.101953 0.012500 0.027344
0 0.217188 0.420703 0.020313 0.044531
