0 0.839453 0.654297 0.011719 0.025781
0 0.173047 0.901172 0.022656 0.046094
0 0.050781 0.917188 0.012500 0.026562
0 0.390625 0.911719 0.014063 0.029687
0 0.410547 0.873828 0.014844 0.032031
0 0.579297 0.451562 0.014844 0.032813
0 0.862109 0.863672 0.013281 0.028906
0 0.366406 0.896875 0.014063 0.029687
0 0.047266 0.015625 0.011719 0.026562
0 0.898828 0.633594 0.016406 0.035937
0 0.915234 0.742578 0.011719 0.025781
0 0.276953 0.358203 0.021094 0.046094
0 0.335156 0.582812 0.014063 0.029687
0 0.678125 0.135547 0.018750 0.038281
0 0.071875 0.757031 0.014063 0.029687
0 0.226953 0.527734 0.021094 0.046094
0 0.873828 0.318750 0.017969 0.039062
0 0.240234 0.299219 0.017969 0.039062
0 0.788672 0.771094 0.014844 0.032813
0 0.429688 0.901953 0.017188 0.036719
0 0.902344 0.863281 0.014063 0.031250
