0 0.308594 0.405078 0.018750 0.041406
0 0.701562 0.251563 0.014063 0.031250
0 0.229687 0.221875 0.015625 0.032813
0 0.071875 0.724219 0.015625 0.032813
0 0.121094 0.984375 0.012500 0.026562
0 0.125391 0.516406 0.014844 0.031250
0 0.472656 0.213281 0.020313 0.043750
0 0.046094 0.739844 0.021875 0.046875
0 0.432031 0.221875 0.018750 0.040625
0 0.592578 0.572266 0.021094 0.044531
0 0.650391 0.491797 0.011719 0.025781
0 0.230469 0.315234 0.017188 0.036719
0 0.240234 0.369922 0.013281 0.028906
0 0.344922 0.389844 0.016406 0.034375
0 0.858594 0.738672 0.015625 0.033594
0 0.788672 0.600000 0.014844 0.031250
0 0.893750 0.972656 0.020313 0.043750
0 0.069141 0.939453 0.014844 0.032031
