0 0.835547 0.051172 0.014844 0.032031
0 0.859766 0.235547 0.014844 0.030469
0 0.335156 0.359766 0.018750 0.039844
0 0.773828 0.082812 0.021094 0.045312
0 0.452734 0.028906 0.021094 0.045312
0 0.749609 0.063672 0.019531 0.041406
0 0.630078 0.494531 0.013281 0.029687
0 0.210938 0.739453 0.020313 0.042969
0 0.419141 0.629687 0.014844 0.032813
0 0.094141 0.648047 0.011719 0.025781
0 0.795312 0.192188 0.012500 0.026562
0 0.347656 0.625781 0.015625 0.032813
0 0.854688 0.437891 0.015625 0.033594
0 0.294141 0.337891 0.014844 0.032031
0 0.655469 0.495312 0.014063 0.029687
0 0.170313 0.771094 0.017188 0.035937
0 0.256641 0.569531 0.017969 0.037500
0 0.936719 0.875000 0.012500 0.026562
0 0.687500 0.153516 0.012500 0.027344
0 0.258984 0.735938 0.013281 0.028125
