0 0.328632 0.495298 0.003627 0.011399
0 0.405501 0.554716 0.004634 0.013394
0 0.047753 0.652750 0.004433 0.013394
0 0.543220 0.778142 0.004836 0.014534
0 0.275640 0.710316 0.004030 0.012254
0 0.965041 0.434169 0.004634 0.014534
0 0.339714 0.961812 0.004433 0.013109
0 0.166129 0.364634 0.005037 0.015104
0 0.564779 0.230693 0.004030 0.012254
0 0.327221 0.051154 0.004030 0.012254
0 0.875680 0.651040 0.003627 0.011114
0 0.418195 0.585209 0.005037 0.015104
0 0.856135 0.044030 0.004836 0.014534
0 0.290046 0.586064 0.004634 0.013964
0 0.578582 0.014249 0.003425 0.010829
