0 0.143359 0.131641 0.017969 0.039844
0 0.292969 0.691797 0.012500 0.025781
0 0.137500 0.201563 0.021875 0.046875
0 0.372656 0.192578 0.018750 0.038281
0 0.454297 0.162891 0.021094 0.044531
0 0.075781 0.844531 0.014063 0.029687
0 0.898438 0.066797 0.017188 0.036719
0 0.249609 0.948047 0.021094 0.044531
0 0.261328 0.423438 0.017969 0.039062
0 0.690625 0.753516 0.014063 0.030469
0 0.785156 0.134766 0.017188 0.036719
0 0.079687 0.710156 0.020313 0.043750
0 0.066406 0.440234 0.017188 0.036719
0 0.519531 0.304688 0.021875 0.046875
0 0.914062 0.673438 0.015625 0.034375
0 0.156250 0.640625 0.012500 0.026562
0 0.891797 0.200781 0.013281 0.028125
0 0.694531 0.076172 0.017188 0.036719
0 0.091797 0.856641 0.014844 0.032031
0 0.224219 0.308203 0.020313 0.044531
0 0.776953 0.268750 0.014844 0.032813
0 0.403516 0.812891 0.016406 0.033594
0 0.255078 0.372266 0.014844 0.032031
0 0.382422 0.616016 0.019531 0.042969
0 0.407031 0.646875 0.021875 0.046875
0 0.963672 0.459375 0.014844 0.031250
