0 0.803125 0.219922 0.015625 0.033594
0 0.472266 0.745313 0.019531 0.042188
0 0.424219 0.530859 0.021875 0.047656
0 0.564063 0.219922 0.018750 0.039844
0 0.055469 0.737109 0.017188 0.036719
0 0.333203 0.267578 0.013281 0.027344
0 0.211328 0.064453 0.021094 0.044531
0 0.364844 0.223438 0.015625 0.034375
0 0.521875 0.178906 0.015625 0.034375
0 0.520312 0.394141 0.015625 0.033594
0 0.409375 0.208594 0.017188 0.037500
0 0.430469 0.163281 0.020313 0.042188
0 0.236719 0.843750 0.012500 0.026562
0 0.407422 0.981641 0.013281 0.028906
0 0.446484 0.332422 0.017969 0.038281
0 0.958594 0.154688 0.012500 0.026562
0 0.814063 0.204687 0.017188 0.035937
0 0.731641 0.177734 0.016406 0.035156
