0 0.619531 0.693750 0.014063 0.031250
0 0.546094 0.633984 0.015625 0.033594
0 0.224219 0.367969 0.017188 0.035937
0 0.655859 0.460547 0.013281 0.028906
0 0.416016 0.688672 0.013281 0.028906
0 0.018750 0.634375 0.018750 0.040625
0 0.883984 0.442188 0.016406 0.035937
0 0.539844 0.864062 0.021875 0.046875
0 0.388672 0.678516 0.017969 0.039844
0 0.869531 0.937891 0.017188 0.036719
0 0.667578 0.339453 0.014844 0.030469
0 0.323437 0.526172 0.012500 0.027344
0 0.459375 0.269141 0.015625 0.032031
0 0.019531 0.508203 0.017188 0.035156
0 0.596875 0.884375 0.012500 0.028125
0 0.053906 0.878906 0.018750 0.040625
0 0.688281 0.146484 0.015625 0.033594
0 0.057031 0.232422 0.014063 0.030469
0 0.319922 0.764844 0.019531 0.042188
0 0.888281 0.732812 0.014063 0.029687
0 0.957422 0.767188 0.022656 0.046875
0 0.308594 0.451172 0.015625 0.033594
0 0.425000 0.166406 0.017188 0.034375
0 0.270313 0.126562 0.012500 0.028125
0 0.525000 0.340234 0.020313 0.041406
0 0.095312 0.601172 0.012500 0.025781
