0 0.090625 0.214844 0.018750 0.040625
0 0.878125 0.172656 0.014063 0.029687
0 0.532422 0.215625 0.013281 0.029687
0 0.862500 0.767969 0.018750 0.040625
0 0.282813 0.892578 0.020313 0.042969
0 0.810547 0.327734 0.013281 0.028906
0 0.610547 0.946484 0.021094 0.044531
0 0.588672 0.264453 0.021094 0.046094
0 0.199609 0.350000 0.016406 0.035937
0 0.363672 0.671094 0.014844 0.032813
0 0.590234 0.342187 0.019531 0.042188
0 0.192969 0.199609 0.017188 0.038281
0 0.661328 0.590625 0.017969 0.039062
0 0.848828 0.872656 0.016406 0.035937
0 0.461719 0.026172 0.020313 0.042969
0 0.925391 0.044922 0.011719 0.025781
0 0.526953 0.154297 0.021094 0.042969
0 0.573047 0.102734 0.014844 0.030469
0 0.943359 0.905859 0.019531 0.041406
0 0.205078 0.344141 0.021094 0.046094
0 0.772656 0.585547 0.021875 0.046094
0 0.575000 0.205469 0.014063 0.031250
0 0.140625 0.731641 0.015625 0.033594
0 0.083984 0.031250 0.021094 0.043750
0 0.596094 0.937109 0.021875 0.044531
0 0.868750 0.654687 0.017188 0.037500
0 0.658203 0.575781 0.021094 0.045312
