0 0.089453 0.389453 0.017969 0.038281
0 0.073828 0.626953 0.011719 0.025781
0 0.108984 0.430078 0.019531 0.042969
0 0.323047 0.978516 0.014844 0.032031
0 0.631250 0.471484 0.018750 0.041406
0 0.307031 0.353516 0.017188 0.036719
0 0.736719 0.442969 0.014063 0.029687
0 0.116016 0.030859 0.011719 0.025781
0 0.541797 0.395313 0.014844 0.031250
0 0.696875 0.665625 0.015625 0.032813
0 0.626172 0.391016 0.019531 0.039844
0 0.141797 0.663281 0.014844 0.032813
0 0.600000 0.523828 0.017188 0.036719
0 0.852344 0.550391 0.018750 0.039844
0 0.699219 0.778516 0.015625 0.033594
