0 0.073242 0.326589 0.003828 0.011399
0 0.041507 0.095469 0.004030 0.012539
0 0.682652 0.054431 0.004836 0.014819
0 0.953053 0.438159 0.004433 0.013394
0 0.045738 0.094186 0.004433 0.013964
0 0.961515 0.384013 0.004433 0.013394
0 0.897441 0.972784 0.004030 0.012254
0 0.530123 0.150898 0.004030 0.012254
0 0.326718 0.147193 0.003828 0.011684
0 0.016019 0.500997 0.004231 0.013109
0 0.709148 0.643773 0.004634 0.014249
0 0.838303 0.567968 0.004634 0.013679
0 0.046746 0.763465 0.004433 0.013679
0 0.251461 0.962382 0.004836 0.014819
0 0.075458 0.774295 0.003828 0.011969
