0 0.667641 0.194785 0.003828 0.011684
0 0.371549 0.148618 0.003627 0.011114
0 0.841729 0.103591 0.005037 0.015104
0 0.129357 0.181818 0.005239 0.015959
0 0.423635 0.980764 0.004634 0.013964
0 0.187286 0.310345 0.004231 0.012539
0 0.658775 0.130664 0.004634 0.013964
0 0.175801 0.679538 0.004231 0.012824
0 0.701088 0.484326 0.005037 0.015104
0 0.886863 0.256056 0.004231 0.012254
0 0.362482 0.924907 0.004433 0.013394
0 0.901169 0.852522 0.003425 0.010544
0 0.383840 0.157737 0.004030 0.012254
0 0.494056 0.777002 0.004030 0.011684
