0 0.207813 0.060156 0.015625 0.034375
0 0.288672 0.655078 0.011719 0.025781
0 0.335547 0.713672 0.013281 0.028906
0 0.185547 0.325781 0.014844 0.032813
0 0.315625 0.125391 0.020313 0.044531
0 0.281250 0.344141 0.020313 0.044531
0 0.619531 0.799219 0.021875 0.046875
0 0.030078 0.172266 0.011719 0.025781
0 0.692969 0.190625 0.012500 0.026562
0 0.608203 0.817187 0.014844 0.032813
0 0.226953 0.137500 0.017969 0.039062
0 0.098828 0.729297 0.017969 0.038281
0 0.719141 0.227734 0.022656 0.046094
0 0.502734 0.602344 0.014844 0.032813
0 0.057031 0.489453 0.012500 0.027344
0 0.140625 0.926953 0.015625 0.033594
0 0.625781 0.494531 0.015625 0.034375
0 0.165625 0.753125 0.014063 0.031250
0 0.260547 0.612109 0.011719 0.025781
0 0.439844 0.274219 0.017188 0.037500
0 0.639453 0.410547 0.019531 0.041406
0 0.800781 0.596094 0.012500 0.026562
0 0.550000 0.590234 0.017188 0.036719
