0 0.433984 0.178906 0.014844 0.031250
0 0.408203 0.610156 0.019531 0.042188
0 0.270313 0.060156 0.015625 0.032813
0 0.730078 0.869531 0.021094 0.043750
0 0.763281 0.266406 0.015625 0.034375
0 0.442578 0.442578 0.014844 0.032031
0 0.768750 0.318750 0.020313 0.043750
0 0.360547 0.886328 0.021094 0.044531
0 0.622266 0.273438 0.014844 0.032813
0 0.286328 0.026953 0.017969 0.036719
0 0.139453 0.940625 0.014844 0.032813
0 0.902344 0.843359 0.017188 0.035156
0 0.905078 0.528516 0.019531 0.042969
0 0.349219 0.956641 0.012500 0.027344
0 0.844922 0.241406 0.013281 0.028125
0 0.083594 0.764844 0.014063 0.029687
