0 0.927734 0.111719 0.021094 0.045312
0 0.740234 0.037109 0.019531 0.041406
0 0.778906 0.770703 0.018750 0.039844
0 0.522266 0.800781 0.014844 0.031250
0 0.792578 0.491797 0.016406 0.035156
0 0.709766 0.473438 0.016406 0.035937
0 0.435547 0.178906 0.016406 0.035937
0 0.487891 0.666016 0.021094 0.046094
0 0.231250 0.176172 0.015625 0.033594
0 0.070703 0.559766 0.021094 0.046094
0 0.600391 0.408594 0.021094 0.045312
0 0.634766 0.675000 0.017969 0.037500
0 0.447656 0.769922 0.020313 0.042969
0 0.378125 0.421484 0.014063 0.030469
0 0.059766 0.815234 0.011719 0.025781
0 0.936719 0.049219 0.021875 0.046875
0 0.148438 0.441797 0.018750 0.041406
0 0.587109 0.087891 0.017969 0.039844
0 0.262891 0.872266 0.016406 0.035156
0 0.977344 0.895703 0.020313 0.042969
0 0.742969 0.539453 0.021875 0.046094
0 0.951953 0.827344 0.013281 0.029687
0 0.321875 0.595313 0.014063 0.029687
0 0.445703 0.436328 0.019531 0.042969
0 0.564063 0.039453 0.017188 0.036719
0 0.844531 0.559375 0.012500 0.026562
0 0.210938 0.019922 0.017188 0.036719
0 0.950781 0.370703 0.012500 0.027344
