0 0.689844 0.608984 0.012500 0.027344
0 0.489063 0.360156 0.017188 0.037500
0 0.168750 0.602344 0.015625 0.032813
0 0.291016 0.858594 0.021094 0.045312
0 0.508594 0.205859 0.020313 0.044531
0 0.655859 0.964453 0.017969 0.039844
0 0.239844 0.837109 0.017188 0.035156
0 0.798828 0.883984 0.017969 0.036719
0 0.509375 0.552734 0.020313 0.044531
0 0.216016 0.870703 0.016406 0.035156
0 0.691406 0.380078 0.012500 0.027344
0 0.368359 0.718359 0.013281 0.028906
0 0.152344 0.666797 0.017188 0.038281
0 0.501172 0.039844 0.013281 0.029687
0 0.037109 0.251563 0.014844 0.031250
0 0.029297 0.785547 0.013281 0.028906
0 0.939844 0.182031 0.018750 0.040625
0 0.583984 0.400000 0.019531 0.042188
0 0.133203 0.557813 0.016406 0.035937
0 0.980469 0.230859 0.020313 0.044531
