0 0.380859 0.376172 0.019531 0.042969
0 0.289062 0.603906 0.017188 0.037500
0 0.423828 0.066406 0.021094 0.045312
0 0.589453 0.760547 0.021094 0.046094
0 0.143750 0.307812 0.015625 0.034375
0 0.334766 0.060547 0.017969 0.038281
0 0.494531 0.216016 0.012500 0.027344
0 0.206250 0.201172 0.017188 0.038281
0 0.549219 0.746875 0.021875 0.046875
0 0.294531 0.488281 0.020313 0.043750
0 0.280859 0.573438 0.019531 0.040625
0 0.649219 0.982422 0.012500 0.025781
0 0.776563 0.948438 0.017188 0.037500
0 0.708203 0.229297 0.017969 0.039844
0 0.166797 0.802734 0.014844 0.030469
0 0.558594 0.859375 0.018750 0.040625
0 0.137109 0.206250 0.017969 0.039062
