0 0.733203 0.850000 0.019531 0.042188
0 0.271094 0.589844 0.012500 0.026562
0 0.923047 0.139844 0.021094 0.045312
0 0.605078 0.852344 0.017969 0.037500
0 0.466016 0.191406 0.014844 0.031250
0 0.454297 0.612109 0.016406 0.033594
0 0.934375 0.946094 0.012500 0.026562
0 0.144922 0.980469 0.016406 0.035937
0 0.972656 0.921094 0.017188 0.037500
0 0.800391 0.928516 0.017969 0.038281
0 0.029687 0.321875 0.020313 0.043750
0 0.590625 0.773438 0.014063 0.031250
0 0.639453 0.525781 0.019531 0.040625
0 0.560156 0.856641 0.014063 0.030469
0 0.660156 0.760156 0.021875 0.046875
0 0.519531 0.125391 0.018750 0.041406
0 0.696484 0.262891 0.022656 0.046094
0 0.419531 0.520703 0.021875 0.044531
0 0.834375 0.330078 0.012500 0.027344
0 0.888281 0.527734 0.014063 0.030469
0 0.554297 0.061328 0.013281 0.028906
0 0.323437 0.695703 0.020313 0.044531
0 0.582031 0.192969 0.020313 0.043750
0 0.032813 0.384766 0.015625 0.033594
