0 0.712109 0.264453 0.014844 0.030469
0 0.961328 0.872656 0.016406 0.035937
0 0.694922 0.362109 0.021094 0.046094
0 0.086719 0.479297 0.020313 0.044531
0 0.487500 0.764844 0.012500 0.028125
0 0.826172 0.469531 0.017969 0.037500
0 0.523047 0.013672 0.011719 0.025781
0 0.896094 0.681250 0.020313 0.043750
0 0.373047 0.069922 0.011719 0.025781
0 0.924609 0.754297 0.019531 0.041406
0 0.936328 0.947266 0.022656 0.046094
0 0.360547 0.792969 0.019531 0.042188
0 0.599609 0.860156 0.014844 0.032813
0 0.973437 0.575781 0.017188 0.037500
0 0.861328 0.342187 0.013281 0.028125
0 0.321484 0.084375 0.019531 0.042188
0 0.476562 0.327734 0.014063 0.030469
0 0.689844 0.422266 0.018750 0.038281
0 0.636328 0.975000 0.013281 0.028125
0 0.894922 0.739062 0.021094 0.043750
0 0.725391 0.919141 0.013281 0.028906
0 0.729688 0.241406 0.018750 0.040625
0 0.669531 0.921484 0.014063 0.030469
0 0.930469 0.375000 0.018750 0.040625
0 0.219922 0.027344 0.017969 0.037500
0 0.173047 0.492188 0.011719 0.026562
0 0.908984 0.567578 0.021094 0.042969
0 0.646094 0.020703 0.015625 0.032031
0 0.847656 0.095312 0.017188 0.037500
