0 0.388672 0.866797 0.011719 0.025781
0 0.483203 0.053516 0.021094 0.046094
0 0.493359 0.855859 0.022656 0.046094
0 0.209375 0.700781 0.018750 0.040625
0 0.783203 0.913672 0.019531 0.041406
0 0.961328 0.317188 0.014844 0.032813
0 0.920703 0.546875 0.016406 0.032813
0 0.387891 0.715234 0.017969 0.038281
0 0.044531 0.525781 0.014063 0.031250
0 0.406641 0.342578 0.011719 0.025781
0 0.586719 0.112500 0.018750 0.040625
0 0.169531 0.162891 0.014063 0.030469
0 0.738281 0.914062 0.020313 0.042188
0 0.463281 0.739844 0.021875 0.046875
0 0.394922 0.678516 0.011719 0.025781
0 0.273438 0.075000 0.018750 0.040625
0 0.631250 0.819141 0.018750 0.039844
0 0.300391 0.242188 0.014844 0.032813
0 0.376563 0.871484 0.018750 0.039844
0 0.391406 0.071484 0.021875 0.047656
0 0.592187 0.319531 0.021875 0.046875
0 0.590625 0.935937 0.017188 0.037500
0 0.937500 0.065625 0.014063 0.031250
0 0.594922 0.304688 0.021094 0.043750
