0 0.516406 0.864844 0.021875 0.045312
0 0.438672 0.151953 0.017969 0.038281
0 0.160547 0.290625 0.014844 0.031250
0 0.963672 0.812891 0.016406 0.035156
0 0.557031 0.246484 0.017188 0.036719
0 0.316797 0.151172 0.017969 0.038281
0 0.323047 0.705078 0.022656 0.046094
0 0.043750 0.222656 0.021875 0.046875
0 0.017188 0.680078 0.012500 0.027344
0 0.798828 0.382031 0.017969 0.039062
0 0.139063 0.960938 0.014063 0.029687
0 0.071875 0.965234 0.012500 0.027344
0 0.060156 0.925391 0.018750 0.039844
0 0.089063 0.138281 0.012500 0.026562
0 0.654297 0.184375 0.016406 0.035937
0 0.802344 0.594531 0.020313 0.043750
0 0.898047 0.306641 0.019531 0.042969
0 0.467969 0.871875 0.017188 0.037500
0 0.623047 0.086328 0.014844 0.032031
0 0.486328 0.373828 0.017969 0.038281
0 0.292187 0.114844 0.015625 0.034375
0 0.831641 0.553125 0.014844 0.031250
0 0.944922 0.620313 0.016406 0.035937
0 0.454297 0.505469 0.016406 0.035937
