0 0.052992 0.771872 0.003627 0.011114
0 0.295386 0.351240 0.003627 0.011114
0 0.673988 0.246794 0.005239 0.015959
0 0.516019 0.970504 0.004030 0.012254
0 0.291054 0.225420 0.004231 0.013109
0 0.180032 0.152750 0.003828 0.011969
0 0.539996 0.779852 0.003627 0.011114
0 0.288233 0.151895 0.005037 0.015389
0 0.208543 0.179823 0.003627 0.011399
0 0.714890 0.558706 0.004433 0.013394
0 0.491034 0.218723 0.004030 0.012254
0 0.422930 0.174409 0.004433 0.013679
0 0.057324 0.883870 0.004634 0.013964
0 0.147391 0.983756 0.005037 0.015389
0 0.478743 0.873041 0.004836 0.014534
