0 0.644287 0.722184 0.010254 0.031790
0 0.123291 0.602972 0.013184 0.038010
0 0.381104 0.310643 0.011230 0.032481
0 0.963135 0.554596 0.010254 0.031099
0 0.346680 0.544229 0.008789 0.026952
0 0.358154 0.349689 0.012207 0.037319
0 0.034424 0.818936 0.012207 0.037319
0 0.414551 0.362129 0.012695 0.038701
0 0.212891 0.933310 0.008789 0.026952
0 0.826660 0.965791 0.010742 0.031099
0 0.902832 0.747754 0.009766 0.030408
0 0.171387 0.758120 0.010742 0.033172
0 0.648438 0.543884 0.012695 0.037319
0 0.924316 0.068417 0.008789 0.027643
0 0.064697 0.856600 0.012207 0.036628
