0 0.347266 0.809375 0.019531 0.042188
0 0.351172 0.522266 0.013281 0.028906
0 0.245703 0.854297 0.017969 0.038281
0 0.851172 0.745313 0.016406 0.035937
0 0.349219 0.336719 0.015625 0.034375
0 0.360938 0.731250 0.015625 0.034375
0 0.149219 0.096094 0.018750 0.039062
0 0.953125 0.744922 0.015625 0.033594
0 0.546094 0.089844 0.014063 0.029687
0 0.964844 0.975000 0.018750 0.040625
0 0.696484 0.527344 0.014844 0.031250
0 0.962500 0.905859 0.017188 0.036719
0 0.222656 0.974609 0.017188 0.036719
0 0.294141 0.648828 0.016406 0.035156
0 0.232813 0.187109 0.014063 0.030469
0 0.532422 0.812891 0.019531 0.042969
0 0.155469 0.775391 0.015625 0.033594
0 0.481250 0.875000 0.021875 0.046875
0 0.731250 0.329688 0.018750 0.040625
0 0.643750 0.867578 0.012500 0.027344
0 0.836328 0.283984 0.016406 0.035156
0 0.380859 0.088281 0.016406 0.035937
0 0.951953 0.096484 0.011719 0.025781
0 0.660547 0.222266 0.021094 0.042969
0 0.711719 0.469922 0.018750 0.041406
0 0.182031 0.171094 0.017188 0.037500
0 0.616406 0.870703 0.020313 0.044531
