0 0.604688 0.964063 0.020313 0.043750
0 0.806641 0.101172 0.016406 0.035156
0 0.257031 0.680469 0.020313 0.043750
0 0.048047 0.963281 0.013281 0.028125
0 0.343359 0.856250 0.019531 0.042188
0 0.824219 0.733203 0.012500 0.025781
0 0.917188 0.033594 0.014063 0.029687
0 0.182812 0.898047 0.012500 0.027344
0 0.279687 0.138672 0.014063 0.030469
0 0.309375 0.037891 0.020313 0.044531
0 0.243750 0.809766 0.014063 0.030469
0 0.395703 0.358594 0.021094 0.045312
0 0.477344 0.805859 0.018750 0.039844
0 0.762500 0.728125 0.015625 0.032813
0 0.622266 0.428125 0.017969 0.039062
0 0.857422 0.798828 0.014844 0.030469
0 0.618359 0.062500 0.021094 0.045312
0 0.760938 0.437891 0.014063 0.030469
0 0.760938 0.211719 0.014063 0.031250
0 0.908594 0.337891 0.015625 0.033594
0 0.441016 0.265625 0.017969 0.039062
0 0.571875 0.795312 0.020313 0.043750
0 0.296484 0.354687 0.022656 0.046875
0 0.785547 0.661328 0.021094 0.046094
0 0.150781 0.840625 0.017188 0.037500
0 0.313281 0.519141 0.018750 0.039844
0 0.201563 0.501172 0.020313 0.044531
0 0.603125 0.215234 0.012500 0.027344
0 0.484375 0.680078 0.017188 0.036719
