0 0.720313 0.146484 0.020313 0.044531
0 0.504297 0.762500 0.016406 0.035937
0 0.195312 0.166797 0.012500 0.027344
0 0.413672 0.153516 0.017969 0.038281
0 0.209766 0.888672 0.016406 0.035156
0 0.260937 0.915625 0.012500 0.028125
0 0.358984 0.456250 0.013281 0.029687
0 0.755859 0.093359 0.021094 0.046094
0 0.697656 0.343359 0.012500 0.027344
0 0.976953 0.488672 0.011719 0.025781
0 0.266016 0.760938 0.016406 0.035937
0 0.373437 0.794141 0.015625 0.033594
0 0.878516 0.762891 0.016406 0.035156
0 0.951562 0.870703 0.021875 0.044531
0 0.405078 0.616016 0.011719 0.025781
0 0.283594 0.712109 0.020313 0.042969
0 0.730859 0.450781 0.019531 0.042188
0 0.553125 0.073438 0.017188 0.035937
0 0.382031 0.526563 0.014063 0.028125
0 0.713281 0.267578 0.018750 0.039844
0 0.271484 0.556250 0.013281 0.029687
0 0.656641 0.143359 0.021094 0.044531
0 0.774609 0.683203 0.017969 0.038281
0 0.733203 0.503125 0.021094 0.045312
0 0.186328 0.024609 0.019531 0.042969
0 0.390625 0.925391 0.012500 0.027344
0 0.850781 0.830078 0.014063 0.030469
0 0.862500 0.361719 0.020313 0.043750
0 0.832422 0.775781 0.016406 0.034375
