0 0.661719 0.820312 0.012500 0.026562
0 0.942578 0.069531 0.016406 0.035937
0 0.226172 0.689453 0.014844 0.032031
0 0.838281 0.114453 0.012500 0.025781
0 0.981250 0.035547 0.015625 0.033594
0 0.167187 0.772266 0.012500 0.027344
0 0.308203 0.586328 0.017969 0.038281
0 0.632422 0.977734 0.013281 0.028906
0 0.886328 0.179688 0.011719 0.025000
0 0.846875 0.451562 0.021875 0.046875
0 0.137891 0.078516 0.019531 0.042969
0 0.715234 0.201172 0.016406 0.035156
0 0.464453 0.209375 0.019531 0.042188
0 0.046484 0.662891 0.021094 0.046094
0 0.223828 0.476172 0.017969 0.038281
0 0.703125 0.054688 0.021875 0.046875
0 0.840625 0.597266 0.021875 0.044531
0 0.861328 0.458203 0.013281 0.028906
0 0.403516 0.037109 0.017969 0.036719
0 0.715625 0.212500 0.018750 0.040625
0 0.350391 0.445312 0.011719 0.025000
0 0.478516 0.868359 0.019531 0.041406
0 0.848828 0.529687 0.019531 0.042188
0 0.700391 0.712500 0.022656 0.046875
0 0.213281 0.043750 0.020313 0.043750
0 0.501953 0.510938 0.021094 0.045312
0 0.570312 0.018359 0.017188 0.036719
0 0.879297 0.743359 0.011719 0.025781
