0 0.227734 0.185938 0.021094 0.045312
0 0.437109 0.023047 0.011719 0.025781
0 0.744922 0.147266 0.011719 0.025781
0 0.920312 0.771875 0.020313 0.043750
0 0.311719 0.771875 0.014063 0.031250
0 0.764844 0.134375 0.020313 0.043750
0 0.558203 0.550391 0.017969 0.038281
0 0.824219 0.135156 0.012500 0.026562
0 0.845703 0.425000 0.016406 0.035937
0 0.826953 0.186328 0.021094 0.046094
0 0.977734 0.329297 0.017969 0.039844
0 0.834766 0.466016 0.021094 0.046094
0 0.612109 0.880469 0.017969 0.037500
0 0.166406 0.183594 0.017188 0.037500
0 0.969922 0.360156 0.019531 0.042188
0 0.677734 0.481641 0.017969 0.038281
0 0.728125 0.776953 0.014063 0.030469
0 0.145313 0.370703 0.020313 0.044531
0 0.133594 0.972266 0.020313 0.042969
0 0.544531 0.910156 0.012500 0.026562
0 0.090625 0.443359 0.015625 0.033594
0 0.221875 0.619141 0.017188 0.036719
0 0.971875 0.290625 0.018750 0.040625
0 0.360938 0.271875 0.017188 0.035937
0 0.775391 0.919531 0.013281 0.028125
