0 0.599609 0.957422 0.019531 0.039844
0 0.159375 0.711328 0.018750 0.041406
0 0.564063 0.923828 0.015625 0.032031
0 0.525391 0.847656 0.019531 0.042188
0 0.532813 0.918359 0.015625 0.033594
0 0.264844 0.441406 0.015625 0.034375
0 0.094141 0.143359 0.016406 0.035156
0 0.012109 0.156250 0.014844 0.032813
0 0.804688 0.826562 0.018750 0.039062
0 0.967578 0.599609 0.017969 0.039844
0 0.922266 0.554297 0.014844 0.032031
0 0.649609 0.180859 0.021094 0.046094
0 0.294531 0.450391 0.015625 0.033594
0 0.175391 0.114844 0.019531 0.042188
0 0.710156 0.598437 0.012500 0.026562
0 0.008203 0.468359 0.014844 0.032031
0 0.646094 0.160938 0.021875 0.046875
0 0.417187 0.181250 0.014063 0.029687
0 0.793750 0.804297 0.020313 0.044531
0 0.570312 0.599609 0.015625 0.033594
0 0.740234 0.980078 0.016406 0.035156
0 0.855469 0.677344 0.018750 0.040625
0 0.951562 0.858594 0.021875 0.045312
