0 0.210547 0.428906 0.013281 0.028125
0 0.283594 0.523438 0.018750 0.039062
0 0.230078 0.673438 0.013281 0.028125
0 0.033984 0.641406 0.019531 0.040625
0 0.238281 0.162891 0.017188 0.036719
0 0.019531 0.091797 0.018750 0.041406
0 0.336719 0.166406 0.021875 0.045312
0 0.233984 0.095703 0.013281 0.028906
0 0.043750 0.169922 0.012500 0.027344
0 0.278516 0.879687 0.017969 0.039062
0 0.423828 0.439453 0.021094 0.046094
0 0.828125 0.557031 0.017188 0.037500
0 0.247656 0.480469 0.018750 0.040625
0 0.617578 0.431250 0.021094 0.045312
0 0.807031 0.942187 0.021875 0.045312
0 0.675000 0.269922 0.020313 0.041406
0 0.669922 0.463672 0.013281 0.028906
0 0.773828 0.941406 0.017969 0.037500
0 0.905078 0.130078 0.014844 0.030469
0 0.580859 0.101172 0.017969 0.039844
0 0.499219 0.305469 0.015625 0.034375
0 0.219922 0.026953 0.016406 0.035156
0 0.450000 0.907813 0.014063 0.031250
0 0.342187 0.807031 0.018750 0.040625
0 0.654297 0.861719 0.017969 0.039062
0 0.781641 0.926172 0.019531 0.041406
0 0.017969 0.284375 0.017188 0.037500
0 0.704297 0.609375 0.016406 0.035937
