0 0.077344 0.907031 0.021875 0.046875
0 0.421484 0.198047 0.011719 0.025781
0 0.728906 0.430078 0.014063 0.030469
0 0.360156 0.693359 0.017188 0.036719
0 0.859766 0.162500 0.016406 0.034375
0 0.106250 0.430078 0.012500 0.027344
0 0.364844 0.411328 0.017188 0.036719
0 0.652734 0.606641 0.021094 0.044531
0 0.976172 0.086328 0.021094 0.046094
0 0.337109 0.352734 0.017969 0.038281
0 0.850781 0.532813 0.018750 0.040625
0 0.734375 0.093359 0.012500 0.027344
0 0.383203 0.605859 0.016406 0.035156
0 0.517969 0.258203 0.020313 0.044531
0 0.543750 0.748047 0.017188 0.036719
0 0.402734 0.982812 0.013281 0.028125
0 0.030078 0.616016 0.014844 0.032031
0 0.070703 0.319922 0.014844 0.032031
0 0.673438 0.229687 0.021875 0.046875
