0 0.398193 0.608500 0.010254 0.031099
0 0.012695 0.247063 0.008789 0.026952
0 0.675049 0.177609 0.010254 0.031790
0 0.048340 0.432965 0.011719 0.035245
0 0.458984 0.344506 0.011719 0.036628
0 0.080566 0.094679 0.011719 0.034554
0 0.490234 0.064271 0.008789 0.026261
0 0.471436 0.328956 0.011230 0.034554
0 0.351074 0.699724 0.010742 0.032481
0 0.907715 0.727021 0.011719 0.034554
0 0.943604 0.695577 0.010254 0.029717
0 0.122559 0.836904 0.008789 0.026261
0 0.890869 0.136835 0.012207 0.037319
0 0.385986 0.229440 0.011230 0.034554
0 0.633301 0.786800 0.012695 0.038010
