0 0.895312 0.539844 0.017188 0.037500
0 0.280859 0.068750 0.019531 0.042188
0 0.221484 0.885547 0.019531 0.042969
0 0.575000 0.709766 0.012500 0.027344
0 0.925000 0.889844 0.021875 0.045312
0 0.856641 0.366797 0.016406 0.035156
0 0.917969 0.149219 0.021875 0.046875
0 0.440625 0.353516 0.017188 0.036719
0 0.703906 0.136328 0.018750 0.039844
0 0.802734 0.291406 0.014844 0.032813
0 0.642578 0.072266 0.017969 0.039844
0 0.628125 0.660547 0.012500 0.027344
0 0.589063 0.717969 0.020313 0.043750
0 0.582422 0.042578 0.013281 0.028906
0 0.801172 0.137891 0.017969 0.039844
0 0.620703 0.921094 0.016406 0.035937
0 0.507031 0.206641 0.012500 0.025781
0 0.255469 0.552344 0.014063 0.031250
0 0.267188 0.625781 0.017188 0.037500
0 0.098047 0.029297 0.021094 0.046094
0 0.701172 0.487109 0.017969 0.038281
0 0.028906 0.911719 0.021875 0.046875
0 0.701172 0.035547 0.014844 0.032031
0 0.032813 0.499609 0.014063 0.030469
0 0.075781 0.894531 0.012500 0.026562
0 0.926953 0.764844 0.021094 0.045312
0 0.651953 0.157812 0.017969 0.039062
0 0.127734 0.427734 0.021094 0.042969
0 0.351953 0.233984 0.021094 0.046094
0 0.799219 0.699219 0.015625 0.032813
