0 0.409375 0.933203 0.012500 0.027344
0 0.530078 0.198047 0.016406 0.035156
0 0.752344 0.354687 0.012500 0.026562
0 0.750391 0.696094 0.013281 0.028125
0 0.615234 0.019531 0.017969 0.039062
0 0.889062 0.890234 0.014063 0.030469
0 0.573047 0.813672 0.011719 0.025781
0 0.391797 0.714844 0.016406 0.034375
0 0.492969 0.903906 0.014063 0.029687
0 0.082031 0.933203 0.017188 0.036719
0 0.802734 0.969922 0.019531 0.041406
0 0.605469 0.464844 0.018750 0.040625
0 0.836719 0.930859 0.018750 0.039844
0 0.613672 0.955078 0.014844 0.030469
0 0.652344 0.514062 0.021875 0.046875
0 0.823828 0.378516 0.019531 0.042969
0 0.425000 0.859375 0.014063 0.029687
