0 0.430859 0.621875 0.014844 0.032813
0 0.144922 0.714453 0.011719 0.025781
0 0.777344 0.272266 0.015625 0.033594
0 0.634375 0.716406 0.017188 0.037500
0 0.364844 0.889844 0.017188 0.037500
0 0.652344 0.598047 0.018750 0.039844
0 0.979688 0.700781 0.018750 0.040625
0 0.836719 0.891016 0.014063 0.028906
0 0.238281 0.600391 0.012500 0.027344
0 0.713672 0.028906 0.013281 0.028125
0 0.080078 0.642578 0.013281 0.028906
0 0.396875 0.137891 0.018750 0.039844
0 0.833594 0.291016 0.014063 0.028906
0 0.532813 0.891406 0.017188 0.037500
0 0.794531 0.800391 0.018750 0.039844
0 0.171094 0.787891 0.018750 0.041406
0 0.908984 0.182422 0.013281 0.028906
0 0.753516 0.908594 0.013281 0.029687
0 0.306641 0.576172 0.016406 0.035156
0 0.756250 0.473438 0.018750 0.039062
0 0.662109 0.698828 0.013281 0.028906
0 0.337500 0.158594 0.017188 0.037500
0 0.293359 0.408984 0.016406 0.035156
0 0.362109 0.401562 0.014844 0.031250
0 0.317188 0.822656 0.018750 0.039062
0 0.389062 0.359375 0.020313 0.042188
0 0.974609 0.109375 0.019531 0.042188
0 0.716016 0.436719 0.021094 0.045312
0 0.712891 0.927344 0.013281 0.028125
0 0.466016 0.695703 0.013281 0.028906
