0 0.684766 0.788281 0.016406 0.035937
0 0.517188 0.100000 0.021875 0.046875
0 0.805469 0.431641 0.012500 0.027344
0 0.243750 0.687109 0.018750 0.041406
0 0.955078 0.209766 0.017969 0.038281
0 0.085547 0.058984 0.016406 0.035156
0 0.773047 0.150781 0.021094 0.045312
0 0.366406 0.494531 0.012500 0.026562
0 0.035547 0.346875 0.011719 0.025000
0 0.475000 0.140625 0.018750 0.040625
0 0.162500 0.132031 0.012500 0.028125
0 0.892969 0.639844 0.012500 0.028125
0 0.687891 0.928516 0.021094 0.042969
0 0.100000 0.978516 0.015625 0.033594
0 0.065625 0.919922 0.014063 0.030469
0 0.465625 0.534375 0.018750 0.040625
0 0.173047 0.798828 0.017969 0.039844
0 0.841797 0.436328 0.019531 0.039844
0 0.157031 0.160156 0.014063 0.031250
0 0.770703 0.037891 0.021094 0.044531
0 0.128516 0.253516 0.019531 0.041406
0 0.726953 0.698828 0.013281 0.028906
0 0.180859 0.342969 0.013281 0.029687
0 0.972266 0.237500 0.014844 0.032813
0 0.703906 0.143750 0.020313 0.043750
0 0.940234 0.413672 0.013281 0.028906
0 0.857812 0.470703 0.020313 0.044531
0 0.205469 0.021875 0.020313 0.043750
0 0.393359 0.851562 0.013281 0.028125
