0 0.254688 0.581641 0.017188 0.038281
0 0.360547 0.299219 0.017969 0.039062
0 0.848437 0.605469 0.018750 0.040625
0 0.799609 0.292969 0.014844 0.031250
0 0.513672 0.794922 0.021094 0.046094
0 0.626563 0.426953 0.015625 0.033594
0 0.862109 0.723047 0.014844 0.032031
0 0.248047 0.106250 0.016406 0.035937
0 0.742969 0.589063 0.017188 0.037500
0 0.917578 0.273047 0.013281 0.028906
0 0.423047 0.784766 0.022656 0.046094
0 0.644531 0.356250 0.014063 0.029687
0 0.051562 0.040625 0.014063 0.031250
0 0.751563 0.740625 0.021875 0.046875
0 0.228906 0.707031 0.012500 0.026562
0 0.748437 0.567969 0.012500 0.026562
0 0.795703 0.456641 0.022656 0.046094
0 0.278516 0.329688 0.014844 0.032813
0 0.546484 0.777344 0.019531 0.042188
0 0.541797 0.155469 0.014844 0.031250
0 0.542578 0.280078 0.013281 0.028906
0 0.752734 0.254688 0.019531 0.042188
0 0.368359 0.036328 0.021094 0.046094
0 0.940625 0.423047 0.021875 0.046094
0 0.092969 0.751172 0.020313 0.044531
0 0.864453 0.923047 0.016406 0.035156
