0 0.351172 0.489844 0.011719 0.026562
0 0.112109 0.085938 0.016406 0.035937
0 0.250000 0.518359 0.021875 0.047656
0 0.037500 0.774219 0.012500 0.026562
0 0.791016 0.562109 0.013281 0.028906
0 0.907422 0.438672 0.017969 0.038281
0 0.546875 0.876563 0.021875 0.046875
0 0.737109 0.863672 0.014844 0.030469
0 0.551953 0.048828 0.021094 0.046094
0 0.100391 0.129688 0.016406 0.035937
0 0.592187 0.246484 0.012500 0.027344
0 0.191797 0.514453 0.013281 0.028906
0 0.712500 0.716797 0.020313 0.041406
0 0.849609 0.902734 0.014844 0.032031
0 0.125000 0.277344 0.015625 0.034375
0 0.053906 0.136719 0.018750 0.040625
0 0.097266 0.796875 0.016406 0.035937
0 0.585156 0.107031 0.014063 0.029687
0 0.721094 0.869922 0.017188 0.036719
0 0.178125 0.692187 0.020313 0.043750
0 0.737500 0.064844 0.012500 0.026562
0 0.436328 0.579297 0.016406 0.035156
0 0.734375 0.258594 0.020313 0.043750
0 0.214844 0.548047 0.020313 0.044531
0 0.094141 0.362891 0.019531 0.042969
0 0.241016 0.560547 0.019531 0.042969
0 0.965625 0.798438 0.021875 0.046875
0 0.565625 0.592969 0.017188 0.037500
0 0.050391 0.789453 0.017969 0.038281
0 0.199219 0.798828 0.018750 0.039844
