0 0.377344 0.882031 0.017188 0.037500
0 0.076172 0.909375 0.021094 0.045312
0 0.438672 0.028516 0.014844 0.032031
0 0.624609 0.637891 0.014844 0.032031
0 0.446875 0.703906 0.015625 0.034375
0 0.428516 0.634375 0.016406 0.034375
0 0.023828 0.633594 0.011719 0.025000
0 0.947656 0.072656 0.018750 0.039062
0 0.587891 0.097656 0.021094 0.045312
0 0.572266 0.653516 0.013281 0.028906
0 0.492578 0.146094 0.014844 0.031250
0 0.481250 0.044922 0.020313 0.044531
0 0.066016 0.897656 0.013281 0.028125
0 0.061719 0.860938 0.012500 0.026562
0 0.938281 0.362891 0.012500 0.025781
0 0.440234 0.331250 0.019531 0.042188
0 0.692578 0.023047 0.019531 0.041406
