0 0.782422 0.778516 0.019531 0.041406
0 0.108984 0.906250 0.016406 0.035937
0 0.630859 0.470703 0.013281 0.028906
0 0.184375 0.393359 0.017188 0.038281
0 0.708984 0.340234 0.017969 0.038281
0 0.351953 0.979688 0.013281 0.029687
0 0.214062 0.945312 0.020313 0.043750
0 0.233203 0.414453 0.013281 0.028906
0 0.302344 0.719531 0.015625 0.034375
0 0.666406 0.862891 0.017188 0.036719
0 0.724609 0.648828 0.013281 0.028906
0 0.490625 0.451953 0.012500 0.025781
0 0.980078 0.393750 0.016406 0.035937
0 0.528516 0.637109 0.016406 0.033594
0 0.905469 0.051562 0.020313 0.043750
0 0.944141 0.932422 0.021094 0.046094
0 0.689844 0.488281 0.015625 0.034375
0 0.651953 0.558203 0.014844 0.032031
