0 0.002015 0.313052 0.004030 0.012254
0 0.250252 0.142348 0.004836 0.014534
0 0.827624 0.763038 0.004231 0.012824
0 0.096212 0.753776 0.004231 0.013109
0 0.679327 0.359219 0.005037 0.015104
0 0.671771 0.574808 0.004433 0.013679
0 0.345658 0.203192 0.003828 0.011969
0 0.696857 0.249216 0.004231 0.012824
0 0.249950 0.663009 0.003828 0.011684
0 0.426053 0.553292 0.003425 0.010544
0 0.120895 0.889285 0.004836 0.015104
0 0.054906 0.857509 0.004231 0.012539
0 0.561153 0.013964 0.004030 0.012539
0 0.928471 0.187518 0.004030 0.012539
0 0.054100 0.639213 0.005037 0.015389
