0 0.963228 0.862496 0.004634 0.013964
0 0.825005 0.074950 0.004231 0.013109
0 0.366512 0.796381 0.004836 0.014534
0 0.453456 0.216443 0.004634 0.014534
0 0.403587 0.474922 0.003627 0.011114
0 0.841729 0.118552 0.004634 0.014249
0 0.444892 0.182103 0.003627 0.010829
0 0.254685 0.166144 0.004030 0.012539
0 0.085634 0.850100 0.004836 0.014819
0 0.578783 0.388002 0.004231 0.012824
0 0.567399 0.322029 0.004030 0.012539
0 0.874874 0.152608 0.004433 0.013394
0 0.350997 0.658877 0.004836 0.014819
0 0.081201 0.890282 0.004030 0.011969
0 0.980455 0.503990 0.004030 0.012254
