0 0.428906 0.650391 0.021875 0.046094
0 0.591406 0.964453 0.021875 0.046094
0 0.606250 0.106641 0.012500 0.027344
0 0.291797 0.680078 0.011719 0.025781
0 0.832812 0.832422 0.012500 0.027344
0 0.546484 0.363281 0.019531 0.040625
0 0.507031 0.305859 0.021875 0.047656
0 0.756250 0.714453 0.020313 0.044531
0 0.642578 0.618359 0.021094 0.046094
0 0.596094 0.712891 0.020313 0.042969
0 0.537891 0.321094 0.016406 0.035937
0 0.343750 0.462891 0.017188 0.036719
0 0.990625 0.821484 0.018750 0.039844
0 0.155469 0.610938 0.014063 0.031250
0 0.781250 0.865234 0.012500 0.027344
0 0.198828 0.877734 0.021094 0.046094
0 0.709766 0.974609 0.016406 0.035156
0 0.013281 0.671875 0.018750 0.040625
0 0.392969 0.667188 0.014063 0.029687
0 0.033203 0.761719 0.014844 0.031250
0 0.285547 0.850391 0.017969 0.039844
0 0.247266 0.582812 0.013281 0.028125
0 0.510156 0.798828 0.017188 0.035156
0 0.130078 0.354687 0.013281 0.026562
