0 0.311102 0.500997 0.004030 0.012539
0 0.321781 0.500855 0.003627 0.011114
0 0.332662 0.500570 0.004433 0.013394
0 0.372960 0.501140 0.004433 0.013394
0 0.383840 0.499715 0.003627 0.011114
0 0.394419 0.498718 0.003828 0.011399
0 0.434012 0.498718 0.003627 0.011399
0 0.444791 0.500570 0.004231 0.012254
0 0.455470 0.501140 0.003425 0.010544
0 0.494963 0.501140 0.003828 0.011684
0 0.505642 0.500570 0.003828 0.011114
0 0.516925 0.500142 0.005037 0.015389
0 0.557324 0.498860 0.004030 0.012254
0 0.568305 0.498718 0.004231 0.013109
0 0.579085 0.499858 0.003627 0.010829
0 0.619283 0.500997 0.005037 0.015389
