0 0.252166 0.848532 0.004634 0.013394
0 0.675801 0.107296 0.004030 0.012254
0 0.689099 0.777429 0.003627 0.010829
0 0.548660 0.309775 0.004433 0.013679
0 0.470381 0.273440 0.005037 0.015674
0 0.583216 0.709176 0.004634 0.014534
0 0.302942 0.070105 0.003828 0.011399
0 0.843038 0.795526 0.005239 0.015674
0 0.034455 0.769307 0.004836 0.015104
0 0.762241 0.885437 0.004030 0.012539
0 0.770905 0.825164 0.004836 0.015104
0 0.369837 0.633229 0.005037 0.015389
0 0.853919 0.168424 0.003627 0.010829
0 0.779871 0.428042 0.005037 0.014819
0 0.107798 0.377315 0.003627 0.010829
