0 0.205859 0.340234 0.017969 0.038281
0 0.049609 0.227734 0.019531 0.041406
0 0.590234 0.502734 0.021094 0.044531
0 0.934375 0.076172 0.020313 0.042969
0 0.507422 0.630469 0.013281 0.028125
0 0.449219 0.076172 0.020313 0.044531
0 0.803125 0.023047 0.014063 0.030469
0 0.648438 0.821875 0.015625 0.032813
0 0.226562 0.843750 0.015625 0.032813
0 0.363672 0.741016 0.021094 0.044531
0 0.132812 0.251172 0.020313 0.044531
0 0.264844 0.344922 0.017188 0.036719
0 0.703125 0.176563 0.020313 0.043750
0 0.066797 0.414844 0.022656 0.046875
0 0.197656 0.040234 0.015625 0.032031
0 0.944531 0.142969 0.014063 0.031250
0 0.310937 0.856641 0.018750 0.041406
0 0.743359 0.831250 0.021094 0.045312
0 0.035156 0.276172 0.018750 0.041406
0 0.425391 0.953906 0.019531 0.040625
0 0.236328 0.928516 0.013281 0.028906
