0 0.932813 0.970313 0.012500 0.028125
0 0.820703 0.203125 0.016406 0.032813
0 0.179688 0.371094 0.021875 0.046875
0 0.243359 0.155469 0.016406 0.035937
0 0.442188 0.510547 0.012500 0.027344
0 0.550391 0.751563 0.014844 0.031250
0 0.107031 0.719141 0.015625 0.033594
0 0.017578 0.720703 0.011719 0.025781
0 0.508984 0.493359 0.016406 0.035156
0 0.503125 0.580469 0.012500 0.026562
0 0.933984 0.075391 0.021094 0.042969
0 0.551562 0.844922 0.014063 0.030469
0 0.921875 0.445703 0.020313 0.042969
0 0.553125 0.439844 0.012500 0.026562
0 0.174609 0.309766 0.014844 0.032031
0 0.053125 0.253125 0.014063 0.029687
0 0.224609 0.065625 0.016406 0.035937
0 0.101953 0.790234 0.016406 0.035156
0 0.773828 0.193359 0.017969 0.039844
0 0.053125 0.572266 0.021875 0.044531
0 0.223047 0.026172 0.017969 0.036719
