0 0.823486 0.129924 0.012207 0.037319
0 0.078369 0.881133 0.009277 0.029026
0 0.346436 0.626469 0.012207 0.035245
0 0.828857 0.121631 0.012207 0.037319
0 0.577637 0.825847 0.009766 0.030408
0 0.461426 0.940912 0.011719 0.033863
0 0.408447 0.970629 0.011230 0.033863
0 0.729492 0.715964 0.008789 0.027643
0 0.160156 0.813062 0.011719 0.035245
0 0.563232 0.029026 0.012207 0.037319
0 0.375000 0.863511 0.009766 0.029717
0 0.809326 0.242225 0.011230 0.033863
0 0.326904 0.020041 0.012207 0.037319
0 0.574707 0.378715 0.010742 0.031790
0 0.518066 0.769178 0.012695 0.038701
