0 0.268750 0.350000 0.021875 0.046875
0 0.412891 0.139063 0.014844 0.031250
0 0.125781 0.728906 0.018750 0.040625
0 0.767969 0.078125 0.021875 0.046875
0 0.662891 0.612109 0.021094 0.044531
0 0.324219 0.042969 0.017188 0.035937
0 0.867188 0.267969 0.014063 0.031250
0 0.809766 0.146094 0.014844 0.032813
0 0.410156 0.391797 0.020313 0.044531
0 0.320312 0.335156 0.015625 0.032813
0 0.517578 0.374219 0.019531 0.042188
0 0.676953 0.452344 0.014844 0.031250
0 0.794922 0.964453 0.016406 0.033594
0 0.616406 0.624609 0.017188 0.036719
