0 0.394531 0.819141 0.017188 0.036719
0 0.368750 0.733203 0.017188 0.036719
0 0.610547 0.042969 0.014844 0.031250
0 0.208203 0.457031 0.016406 0.035937
0 0.561328 0.860156 0.019531 0.042188
0 0.779297 0.694141 0.019531 0.042969
0 0.360938 0.594141 0.012500 0.025781
0 0.114062 0.556641 0.014063 0.028906
0 0.015234 0.946875 0.013281 0.029687
0 0.158594 0.793750 0.017188 0.037500
0 0.882812 0.925000 0.021875 0.046875
0 0.338672 0.635156 0.013281 0.029687
0 0.940625 0.460547 0.012500 0.027344
0 0.140625 0.221094 0.020313 0.043750
0 0.205469 0.858984 0.014063 0.030469
0 0.237500 0.844531 0.015625 0.032813
0 0.926562 0.784766 0.021875 0.044531
0 0.472656 0.798047 0.017188 0.035156
0 0.985547 0.149219 0.013281 0.028125
0 0.328906 0.487500 0.015625 0.032813
0 0.399219 0.284766 0.020313 0.044531
0 0.890625 0.044141 0.014063 0.030469
0 0.029687 0.526953 0.020313 0.041406
0 0.613281 0.782031 0.018750 0.040625
