0 0.254688 0.253125 0.021875 0.046875
0 0.297656 0.101172 0.014063 0.028906
0 0.329688 0.296094 0.014063 0.031250
0 0.328516 0.364063 0.021094 0.045312
0 0.199609 0.671094 0.016406 0.035937
0 0.883594 0.846094 0.021875 0.046875
0 0.186328 0.156250 0.016406 0.035937
0 0.265234 0.360547 0.011719 0.025781
0 0.566016 0.167578 0.011719 0.025781
0 0.067187 0.818359 0.018750 0.039844
0 0.029297 0.456641 0.021094 0.046094
0 0.868750 0.752734 0.018750 0.039844
0 0.873828 0.364063 0.019531 0.042188
0 0.490234 0.752344 0.021094 0.045312
0 0.607812 0.437891 0.012500 0.025781
0 0.565625 0.108203 0.014063 0.030469
