0 0.692525 0.703049 0.004836 0.014819
0 0.172980 0.835566 0.004231 0.013109
0 0.554806 0.298518 0.003828 0.011684
0 0.623010 0.392989 0.003627 0.011399
0 0.880012 0.438017 0.005037 0.015389
0 0.677010 0.738245 0.004030 0.012254
0 0.951340 0.675976 0.005037 0.015389
0 0.996575 0.647905 0.003627 0.011114
0 0.770804 0.592476 0.003828 0.011969
0 0.377090 0.213024 0.005440 0.015674
0 0.499194 0.596324 0.004231 0.012824
0 0.130365 0.490311 0.004836 0.015104
0 0.914870 0.985893 0.004231 0.012824
0 0.077171 0.357509 0.004836 0.015104
0 0.861979 0.303648 0.004433 0.013394
