0 0.180078 0.880078 0.013281 0.028906
0 0.431641 0.394531 0.014844 0.032813
0 0.096094 0.746875 0.021875 0.045312
0 0.887109 0.615625 0.016406 0.035937
0 0.660547 0.235937 0.013281 0.028125
0 0.816406 0.880859 0.020313 0.042969
0 0.836328 0.925000 0.021094 0.045312
0 0.728516 0.480859 0.019531 0.041406
0 0.234375 0.765625 0.020313 0.043750
0 0.682031 0.242578 0.014063 0.030469
0 0.010547 0.931641 0.021094 0.044531
0 0.528125 0.520312 0.020313 0.043750
0 0.728516 0.266016 0.016406 0.033594
0 0.206250 0.429297 0.017188 0.036719
0 0.834766 0.055078 0.017969 0.038281
0 0.823438 0.939063 0.014063 0.029687
0 0.723047 0.571094 0.013281 0.029687
0 0.854297 0.236719 0.013281 0.028125
0 0.585156 0.252734 0.015625 0.032031
0 0.401953 0.784375 0.016406 0.035937
