0 0.539453 0.896094 0.013281 0.028125
0 0.053125 0.862891 0.017188 0.035156
0 0.205469 0.351172 0.014063 0.030469
0 0.552344 0.754297 0.020313 0.044531
0 0.734375 0.566016 0.020313 0.044531
0 0.094922 0.785937 0.016406 0.034375
0 0.933984 0.673047 0.016406 0.035156
0 0.316016 0.974609 0.019531 0.041406
0 0.716406 0.496484 0.017188 0.038281
0 0.572266 0.133984 0.014844 0.032031
0 0.341016 0.148438 0.014844 0.032813
0 0.062500 0.422266 0.012500 0.027344
0 0.465625 0.978516 0.012500 0.025781
0 0.711328 0.525391 0.021094 0.046094
0 0.932031 0.836328 0.020313 0.044531
0 0.183594 0.305469 0.012500 0.028125
