0 0.438672 0.621094 0.016406 0.034375
0 0.594531 0.308984 0.014063 0.030469
0 0.012891 0.207031 0.021094 0.045312
0 0.332422 0.756250 0.017969 0.039062
0 0.744922 0.596875 0.017969 0.039062
0 0.578516 0.976172 0.016406 0.035156
0 0.695703 0.246484 0.011719 0.025781
0 0.719922 0.168750 0.013281 0.029687
0 0.971094 0.594531 0.017188 0.037500
0 0.339844 0.682031 0.021875 0.046875
0 0.900781 0.145313 0.021875 0.046875
0 0.460938 0.778125 0.012500 0.026562
0 0.715234 0.234375 0.014844 0.031250
0 0.853125 0.696484 0.020313 0.044531
0 0.769141 0.124219 0.013281 0.028125
0 0.629297 0.976172 0.019531 0.042969
