0 0.244141 0.532422 0.013281 0.028906
0 0.280859 0.424609 0.013281 0.027344
0 0.478516 0.889844 0.014844 0.031250
0 0.081250 0.351562 0.015625 0.034375
0 0.057813 0.067969 0.021875 0.046875
0 0.302344 0.560156 0.021875 0.046875
0 0.122656 0.663672 0.020313 0.044531
0 0.721094 0.412891 0.014063 0.028906
0 0.963672 0.490625 0.016406 0.035937
0 0.442188 0.855078 0.017188 0.035156
0 0.794922 0.931250 0.019531 0.042188
0 0.753125 0.585547 0.014063 0.030469
0 0.405469 0.681250 0.017188 0.037500
0 0.504687 0.960156 0.012500 0.026562
0 0.029297 0.776563 0.021094 0.043750
0 0.082422 0.369141 0.011719 0.025781
0 0.584766 0.170313 0.019531 0.042188
0 0.059375 0.478906 0.018750 0.040625
0 0.155078 0.475391 0.013281 0.028906
0 0.535156 0.515234 0.012500 0.027344
0 0.329297 0.141016 0.016406 0.035156
0 0.173828 0.897266 0.017969 0.038281
0 0.290234 0.829688 0.019531 0.042188
0 0.620703 0.107031 0.011719 0.026562
0 0.213281 0.587500 0.014063 0.031250
0 0.516016 0.540625 0.016406 0.035937
0 0.224219 0.737109 0.018750 0.038281
0 0.896484 0.676953 0.014844 0.032031
0 0.707812 0.541797 0.015625 0.033594
0 0.683203 0.477344 0.017969 0.039062
