0 0.535937 0.562891 0.014063 0.030469
0 0.955859 0.824219 0.014844 0.032813
0 0.963281 0.206641 0.012500 0.025781
0 0.927734 0.269141 0.013281 0.028906
0 0.706641 0.794141 0.016406 0.035156
0 0.502734 0.689844 0.016406 0.035937
0 0.952344 0.230469 0.014063 0.031250
0 0.685156 0.183594 0.012500 0.026562
0 0.144531 0.246875 0.021875 0.046875
0 0.848047 0.485547 0.022656 0.046094
0 0.766406 0.790625 0.015625 0.034375
0 0.608984 0.060547 0.011719 0.025781
0 0.130078 0.548047 0.016406 0.035156
0 0.107422 0.462109 0.017969 0.038281
0 0.620313 0.848828 0.014063 0.030469
0 0.946484 0.175000 0.013281 0.028125
0 0.060937 0.222656 0.012500 0.026562
0 0.719922 0.526563 0.019531 0.042188
0 0.848047 0.748828 0.021094 0.046094
0 0.532813 0.442969 0.020313 0.043750
