0 0.936719 0.213281 0.018750 0.040625
0 0.345703 0.473438 0.016406 0.035937
0 0.701172 0.247656 0.021094 0.045312
0 0.064844 0.180859 0.012500 0.027344
0 0.921094 0.381250 0.020313 0.042188
0 0.255469 0.104688 0.017188 0.037500
0 0.083984 0.812891 0.021094 0.046094
0 0.887109 0.666016 0.017969 0.038281
0 0.228906 0.555078 0.018750 0.039844
0 0.810547 0.828125 0.021094 0.045312
0 0.789062 0.810937 0.015625 0.034375
0 0.149609 0.692187 0.013281 0.029687
0 0.963672 0.947266 0.011719 0.025781
0 0.043359 0.300781 0.021094 0.043750
0 0.478906 0.874219 0.017188 0.037500
0 0.269141 0.051953 0.011719 0.025781
0 0.843750 0.541016 0.015625 0.033594
0 0.791406 0.476172 0.014063 0.030469
0 0.313281 0.246094 0.014063 0.031250
0 0.954688 0.558594 0.017188 0.037500
0 0.297266 0.094531 0.021094 0.045312
0 0.333203 0.769922 0.021094 0.046094
0 0.293750 0.516797 0.018750 0.039844
