0 0.444489 0.297663 0.004836 0.015104
0 0.454362 0.115417 0.004433 0.013679
0 0.474310 0.743659 0.004836 0.015104
0 0.847774 0.984184 0.005037 0.014534
0 0.397643 0.281704 0.004634 0.013964
0 0.167338 0.735252 0.004231 0.013109
0 0.781684 0.299373 0.005037 0.015104
0 0.046947 0.953691 0.003627 0.011114
0 0.094902 0.647763 0.004433 0.013109
0 0.905702 0.009262 0.004030 0.012254
0 0.659984 0.989171 0.004231 0.013109
0 0.760629 0.485323 0.004433 0.013109
0 0.664417 0.041750 0.003828 0.011684
0 0.760729 0.807495 0.004634 0.013964
