0 0.267969 0.268750 0.015625 0.034375
0 0.906641 0.902344 0.016406 0.035937
0 0.108203 0.142969 0.014844 0.032813
0 0.234766 0.208594 0.016406 0.035937
0 0.513672 0.970703 0.013281 0.028906
0 0.610938 0.644531 0.014063 0.031250
0 0.714453 0.283984 0.013281 0.028906
0 0.945312 0.662891 0.020313 0.042969
0 0.223828 0.433984 0.021094 0.046094
0 0.488281 0.366016 0.014063 0.030469
0 0.829688 0.189844 0.018750 0.040625
0 0.112109 0.400781 0.013281 0.029687
0 0.233203 0.025000 0.016406 0.035937
0 0.253516 0.685156 0.021094 0.045312
0 0.616016 0.191406 0.021094 0.045312
0 0.209766 0.499609 0.013281 0.027344
0 0.675781 0.398828 0.014063 0.030469
0 0.187500 0.289453 0.020313 0.041406
0 0.912109 0.911719 0.019531 0.042188
0 0.473047 0.234375 0.021094 0.045312
0 0.980469 0.914844 0.014063 0.029687
0 0.252734 0.190625 0.019531 0.042188
0 0.162891 0.650000 0.014844 0.031250
0 0.603125 0.862500 0.018750 0.039062
0 0.252734 0.707031 0.021094 0.045312
0 0.816797 0.504687 0.016406 0.034375
0 0.839063 0.769141 0.017188 0.036719
