0 0.516321 0.740667 0.004231 0.013109
0 0.161495 0.350670 0.005037 0.015674
0 0.418900 0.357794 0.003627 0.011114
0 0.111928 0.791109 0.004634 0.013679
0 0.536067 0.203619 0.004634 0.014534
0 0.468769 0.304218 0.004634 0.013964
0 0.947814 0.747934 0.004836 0.014534
0 0.139029 0.820604 0.004030 0.012254
0 0.987105 0.484753 0.004433 0.013679
0 0.974511 0.813480 0.005037 0.015104
0 0.110619 0.774295 0.004030 0.011969
0 0.392001 0.276005 0.005037 0.015104
0 0.989422 0.166857 0.003828 0.011684
0 0.335684 0.600313 0.004836 0.014534
0 0.870844 0.257196 0.005239 0.015104
