0 0.571875 0.176172 0.020313 0.041406
0 0.189062 0.104297 0.015625 0.033594
0 0.343750 0.747656 0.012500 0.026562
0 0.168750 0.816797 0.014063 0.030469
0 0.629297 0.897266 0.022656 0.046094
0 0.267578 0.470313 0.016406 0.034375
0 0.471484 0.745703 0.014844 0.032031
0 0.631641 0.780859 0.017969 0.039844
0 0.153906 0.176172 0.017188 0.036719
0 0.957422 0.528516 0.016406 0.035156
0 0.493359 0.359766 0.016406 0.035156
0 0.455078 0.362891 0.011719 0.025781
0 0.537109 0.129688 0.016406 0.034375
0 0.462500 0.201172 0.017188 0.038281
0 0.812500 0.485547 0.012500 0.027344
0 0.254688 0.436719 0.017188 0.037500
0 0.667969 0.830078 0.018750 0.039844
0 0.633203 0.771484 0.014844 0.032031
0 0.808203 0.485547 0.019531 0.041406
0 0.077344 0.054688 0.014063 0.029687
0 0.655469 0.307422 0.015625 0.033594
0 0.623828 0.750391 0.017969 0.038281
0 0.750391 0.512891 0.013281 0.028906
0 0.347656 0.830469 0.017188 0.037500
0 0.316406 0.858203 0.020313 0.041406
