0 0.127344 0.822656 0.020313 0.042188
0 0.573438 0.660937 0.015625 0.034375
0 0.017969 0.580078 0.020313 0.044531
0 0.043359 0.794922 0.014844 0.032031
0 0.229297 0.657031 0.021094 0.045312
0 0.537500 0.598047 0.018750 0.039844
0 0.944141 0.812500 0.016406 0.035937
0 0.247266 0.423438 0.016406 0.035937
0 0.195703 0.288672 0.016406 0.035156
0 0.060547 0.701172 0.013281 0.028906
0 0.705469 0.529687 0.020313 0.043750
0 0.336719 0.220312 0.012500 0.028125
0 0.787500 0.348438 0.020313 0.043750
0 0.231250 0.542969 0.015625 0.034375
0 0.047266 0.108203 0.014844 0.032031
