0 0.048828 0.796484 0.021094 0.046094
0 0.175000 0.349219 0.017188 0.035937
0 0.456250 0.299609 0.020313 0.041406
0 0.431250 0.732031 0.015625 0.032813
0 0.594141 0.464844 0.021094 0.043750
0 0.835156 0.469922 0.018750 0.038281
0 0.731250 0.631250 0.014063 0.031250
0 0.248828 0.323437 0.014844 0.032813
0 0.044531 0.548828 0.017188 0.036719
0 0.327344 0.674609 0.012500 0.027344
0 0.767578 0.255859 0.017969 0.038281
0 0.565625 0.928906 0.021875 0.046875
0 0.986328 0.141016 0.017969 0.036719
0 0.581250 0.518359 0.017188 0.036719
0 0.660156 0.249219 0.021875 0.046875
0 0.423438 0.903125 0.017188 0.037500
0 0.280078 0.257031 0.017969 0.039062
0 0.957812 0.592187 0.012500 0.026562
0 0.052734 0.128906 0.019531 0.042188
0 0.646484 0.975781 0.021094 0.043750
0 0.583203 0.137891 0.013281 0.028906
0 0.375781 0.414062 0.015625 0.034375
0 0.542578 0.807422 0.011719 0.025781
0 0.048047 0.695312 0.013281 0.028125
0 0.562109 0.400000 0.021094 0.045312
