0 0.814063 0.844531 0.012500 0.026562
0 0.716016 0.173047 0.016406 0.035156
0 0.377344 0.316406 0.018750 0.039062
0 0.505469 0.491797 0.014063 0.030469
0 0.800781 0.573828 0.021875 0.046094
0 0.463281 0.577344 0.017188 0.037500
0 0.717187 0.512891 0.018750 0.041406
0 0.709766 0.614844 0.017969 0.039062
0 0.519531 0.501172 0.012500 0.027344
0 0.141406 0.419531 0.015625 0.032813
0 0.594141 0.934375 0.016406 0.035937
0 0.387109 0.064062 0.022656 0.046875
0 0.316016 0.481641 0.017969 0.036719
0 0.375391 0.757812 0.021094 0.045312
0 0.723828 0.132422 0.011719 0.025781
0 0.503516 0.975000 0.021094 0.045312
0 0.600391 0.890234 0.017969 0.038281
0 0.398438 0.070312 0.021875 0.046875
0 0.435156 0.341406 0.015625 0.034375
0 0.855078 0.037109 0.019531 0.041406
0 0.330469 0.183594 0.014063 0.029687
0 0.801172 0.553516 0.014844 0.032031
0 0.667188 0.801172 0.015625 0.033594
0 0.885938 0.462109 0.020313 0.042969
