0 0.576172 0.150781 0.013281 0.028125
0 0.194531 0.883203 0.012500 0.027344
0 0.953516 0.170703 0.011719 0.025781
0 0.428516 0.675781 0.022656 0.046875
0 0.655859 0.930469 0.021094 0.045312
0 0.114453 0.384766 0.011719 0.025781
0 0.322656 0.515625 0.015625 0.034375
0 0.849219 0.331641 0.020313 0.042969
0 0.933203 0.867188 0.016406 0.035937
0 0.089844 0.651563 0.018750 0.040625
0 0.749609 0.126172 0.013281 0.028906
0 0.760156 0.620313 0.012500 0.028125
0 0.195703 0.273438 0.013281 0.029687
0 0.081641 0.883594 0.021094 0.045312
0 0.926953 0.125391 0.021094 0.046094
0 0.835547 0.722266 0.013281 0.028906
0 0.090234 0.163672 0.011719 0.025781
0 0.362109 0.427734 0.016406 0.033594
0 0.438281 0.687109 0.015625 0.033594
0 0.203516 0.163281 0.014844 0.029687
0 0.319141 0.608984 0.021094 0.046094
0 0.837891 0.571094 0.021094 0.045312
0 0.371484 0.806641 0.021094 0.046094
0 0.445312 0.119141 0.020313 0.044531
0 0.523828 0.864453 0.019531 0.039844
0 0.423828 0.901953 0.011719 0.025781
0 0.505469 0.416797 0.015625 0.032031
0 0.443750 0.275781 0.014063 0.029687
0 0.680469 0.390234 0.020313 0.042969
