0 0.425781 0.231641 0.012500 0.025781
0 0.048047 0.730469 0.021094 0.045312
0 0.887500 0.317188 0.015625 0.034375
0 0.296875 0.841406 0.020313 0.043750
0 0.328516 0.858594 0.014844 0.031250
0 0.662500 0.087891 0.020313 0.042969
0 0.574609 0.451953 0.011719 0.025781
0 0.403906 0.159766 0.014063 0.030469
0 0.265625 0.445703 0.015625 0.033594
0 0.587891 0.128906 0.014844 0.031250
0 0.971875 0.516406 0.020313 0.043750
0 0.947656 0.901953 0.015625 0.033594
0 0.689453 0.437891 0.019531 0.041406
0 0.544531 0.352734 0.020313 0.044531
0 0.011328 0.067578 0.017969 0.039844
0 0.841016 0.337500 0.021094 0.045312
0 0.074219 0.536719 0.015625 0.032813
0 0.183594 0.660547 0.018750 0.041406
0 0.412891 0.883984 0.014844 0.032031
0 0.125781 0.675391 0.015625 0.033594
0 0.653516 0.305078 0.019531 0.042969
0 0.577734 0.777734 0.017969 0.039844
0 0.473047 0.962500 0.017969 0.037500
