0 0.294531 0.028906 0.020313 0.043750
0 0.640234 0.305469 0.021094 0.045312
0 0.021094 0.731641 0.018750 0.041406
0 0.826953 0.669922 0.011719 0.025781
0 0.766016 0.387891 0.013281 0.027344
0 0.510156 0.921094 0.021875 0.045312
0 0.957812 0.240625 0.017188 0.037500
0 0.889062 0.107031 0.020313 0.043750
0 0.279297 0.846094 0.017969 0.039062
0 0.118750 0.168750 0.020313 0.043750
0 0.175391 0.380859 0.019531 0.041406
0 0.173437 0.550391 0.012500 0.025781
0 0.098437 0.595703 0.020313 0.044531
0 0.664844 0.487109 0.020313 0.044531
0 0.062500 0.753516 0.012500 0.027344
0 0.164453 0.226562 0.014844 0.032813
0 0.121875 0.928125 0.017188 0.037500
0 0.574609 0.393359 0.014844 0.030469
0 0.119531 0.197656 0.015625 0.034375
0 0.920703 0.112500 0.019531 0.042188
0 0.339453 0.252734 0.022656 0.046094
0 0.732031 0.433203 0.020313 0.044531
0 0.101172 0.495312 0.016406 0.035937
0 0.038672 0.600781 0.017969 0.039062
