0 0.462158 0.356254 0.010254 0.031099
0 0.728760 0.107464 0.012207 0.035245
0 0.982666 0.121631 0.010254 0.030408
0 0.625244 0.199724 0.010254 0.031790
0 0.018066 0.244299 0.010742 0.032481
0 0.452881 0.513822 0.010254 0.031099
0 0.333496 0.375950 0.010742 0.033172
0 0.197998 0.932274 0.012207 0.037319
0 0.970947 0.873186 0.008301 0.025570
0 0.933105 0.248791 0.011719 0.034554
0 0.991699 0.257429 0.012695 0.038010
0 0.219727 0.213200 0.012695 0.038010
0 0.408447 0.667588 0.011230 0.034554
0 0.300781 0.018659 0.010742 0.033172
0 0.271973 0.587077 0.009766 0.029717
