0 0.190234 0.557813 0.021094 0.045312
0 0.359766 0.216016 0.017969 0.038281
0 0.083203 0.420703 0.013281 0.028906
0 0.471875 0.969922 0.018750 0.039844
0 0.537891 0.158594 0.016406 0.034375
0 0.894531 0.117578 0.018750 0.041406
0 0.179688 0.696094 0.012500 0.028125
0 0.798047 0.789062 0.014844 0.032813
0 0.229687 0.650000 0.021875 0.045312
0 0.142187 0.488672 0.015625 0.033594
0 0.869141 0.566406 0.014844 0.032813
0 0.921094 0.284375 0.014063 0.031250
0 0.684375 0.447266 0.012500 0.027344
0 0.313672 0.193359 0.017969 0.039844
0 0.524219 0.828125 0.015625 0.034375
0 0.636328 0.892188 0.014844 0.031250
0 0.176172 0.381250 0.022656 0.046875
0 0.365625 0.188672 0.015625 0.032031
0 0.314453 0.468750 0.019531 0.042188
0 0.937500 0.252344 0.015625 0.034375
0 0.589063 0.322266 0.012500 0.027344
0 0.261719 0.403906 0.017188 0.035937
0 0.439844 0.937109 0.018750 0.038281
0 0.255859 0.162891 0.017969 0.036719
0 0.478516 0.136719 0.011719 0.026562
0 0.275000 0.947656 0.020313 0.043750
0 0.397266 0.257812 0.013281 0.028125
0 0.035547 0.901172 0.019531 0.042969
