0 0.914795 0.396683 0.012207 0.037319
0 0.864014 0.599862 0.012207 0.037319
0 0.596436 0.873531 0.009277 0.029026
0 0.865723 0.024879 0.010742 0.033172
0 0.822510 0.190394 0.009277 0.028334
0 0.983643 0.771596 0.012207 0.035245
0 0.438232 0.611265 0.009277 0.028334
0 0.983887 0.779889 0.011719 0.036628
0 0.181152 0.302695 0.011719 0.035936
0 0.731689 0.908431 0.011230 0.035245
0 0.756592 0.879060 0.009277 0.027643
0 0.509033 0.074983 0.010254 0.031099
0 0.689697 0.829648 0.010254 0.031099
0 0.041016 0.507947 0.009766 0.030408
0 0.774902 0.855218 0.009766 0.029717
