0 0.506641 0.278906 0.014844 0.031250
0 0.815625 0.600391 0.014063 0.030469
0 0.861328 0.413281 0.013281 0.028125
0 0.253906 0.504687 0.021875 0.046875
0 0.805078 0.752734 0.013281 0.028906
0 0.058203 0.218750 0.013281 0.028125
0 0.497656 0.054297 0.018750 0.041406
0 0.260156 0.150781 0.020313 0.043750
0 0.717969 0.394531 0.017188 0.037500
0 0.874609 0.367969 0.017969 0.039062
0 0.590625 0.937500 0.015625 0.034375
0 0.089063 0.244531 0.012500 0.026562
0 0.095312 0.391406 0.014063 0.029687
0 0.975391 0.812891 0.017969 0.039844
0 0.810547 0.562891 0.014844 0.032031
0 0.034375 0.903125 0.018750 0.039062
0 0.181641 0.953906 0.017969 0.039062
0 0.988672 0.626172 0.017969 0.038281
0 0.809766 0.489453 0.019531 0.041406
0 0.302734 0.348828 0.011719 0.025781
0 0.061719 0.239453 0.015625 0.033594
0 0.061328 0.079687 0.016406 0.035937
0 0.405859 0.841797 0.022656 0.046094
0 0.791406 0.307812 0.020313 0.043750
