0 0.340625 0.248047 0.015625 0.033594
0 0.407422 0.271484 0.014844 0.032031
0 0.225000 0.241016 0.018750 0.038281
0 0.614844 0.675000 0.021875 0.046875
0 0.076953 0.347266 0.014844 0.032031
0 0.805078 0.190234 0.013281 0.028906
0 0.916016 0.227344 0.021094 0.045312
0 0.046484 0.134375 0.019531 0.040625
0 0.051172 0.298047 0.017969 0.036719
0 0.243359 0.649219 0.022656 0.046875
0 0.457031 0.889453 0.020313 0.044531
0 0.706641 0.108984 0.021094 0.046094
0 0.295703 0.723828 0.021094 0.046094
0 0.625781 0.029687 0.012500 0.026562
0 0.276562 0.653125 0.015625 0.034375
0 0.628516 0.350000 0.017969 0.037500
0 0.626172 0.556641 0.013281 0.028906
0 0.303516 0.660937 0.017969 0.039062
0 0.200000 0.181250 0.015625 0.034375
0 0.676953 0.175781 0.016406 0.035937
0 0.051953 0.658594 0.019531 0.042188
0 0.607422 0.071094 0.013281 0.028125
0 0.459766 0.151172 0.016406 0.035156
0 0.353906 0.521094 0.021875 0.046875
0 0.017578 0.505469 0.016406 0.034375
0 0.172266 0.871875 0.021094 0.045312
0 0.564453 0.444531 0.021094 0.045312
0 0.365234 0.134766 0.016406 0.035156
0 0.186719 0.938281 0.015625 0.032813
0 0.111328 0.909766 0.019531 0.041406
