0 0.643359 0.059375 0.019531 0.042188
0 0.973047 0.019141 0.014844 0.030469
0 0.088281 0.810547 0.018750 0.039844
0 0.670312 0.323437 0.018750 0.040625
0 0.860547 0.727734 0.013281 0.028906
0 0.038672 0.797266 0.017969 0.036719
0 0.497266 0.259766 0.014844 0.032031
0 0.083984 0.110156 0.014844 0.031250
0 0.255469 0.870313 0.021875 0.046875
0 0.386719 0.481641 0.017188 0.036719
0 0.583203 0.218359 0.011719 0.025781
0 0.245312 0.023828 0.015625 0.032031
0 0.054688 0.817969 0.015625 0.032813
0 0.896875 0.651563 0.014063 0.031250
0 0.790625 0.677344 0.012500 0.026562
0 0.412500 0.507422 0.012500 0.027344
0 0.178125 0.370312 0.012500 0.026562
0 0.982812 0.869922 0.020313 0.044531
0 0.116797 0.547266 0.014844 0.032031
0 0.256250 0.174609 0.017188 0.035156
