0 0.348389 0.402557 0.009277 0.028334
0 0.204102 0.078438 0.008789 0.026952
0 0.544434 0.435384 0.010742 0.033172
0 0.885498 0.811679 0.010254 0.031099
0 0.035400 0.385971 0.013184 0.038010
0 0.652588 0.299240 0.012207 0.037319
0 0.342773 0.442640 0.008789 0.026952
0 0.746582 0.299931 0.011719 0.035936
0 0.696045 0.983760 0.010254 0.031099
0 0.046875 0.100207 0.008789 0.026261
0 0.159912 0.348652 0.011230 0.033863
0 0.604492 0.818590 0.009766 0.029717
0 0.637695 0.935729 0.011719 0.034554
0 0.751465 0.763303 0.010742 0.032481
0 0.187256 0.476503 0.010254 0.031099
