0 0.733594 0.927344 0.012500 0.026562
0 0.465625 0.955469 0.020313 0.042188
0 0.712109 0.138672 0.011719 0.025781
0 0.710156 0.425781 0.021875 0.045312
0 0.639453 0.280469 0.017969 0.037500
0 0.108203 0.808203 0.013281 0.028906
0 0.079297 0.307422 0.022656 0.046094
0 0.730859 0.060937 0.019531 0.042188
0 0.767578 0.720703 0.013281 0.028906
0 0.347656 0.848828 0.020313 0.041406
0 0.978125 0.499219 0.021875 0.046875
0 0.918750 0.975000 0.015625 0.034375
0 0.646094 0.027734 0.015625 0.033594
0 0.070703 0.409766 0.016406 0.035156
0 0.749219 0.087891 0.014063 0.030469
