0 0.575000 0.301172 0.012500 0.027344
0 0.862500 0.392578 0.017188 0.036719
0 0.981250 0.445312 0.012500 0.026562
0 0.646875 0.184375 0.012500 0.026562
0 0.549219 0.916797 0.015625 0.033594
0 0.350781 0.494141 0.015625 0.033594
0 0.259766 0.168750 0.017969 0.039062
0 0.927344 0.359766 0.015625 0.033594
0 0.944141 0.512109 0.017969 0.039844
0 0.192969 0.066016 0.012500 0.027344
0 0.812109 0.707812 0.013281 0.029687
0 0.553516 0.483984 0.021094 0.046094
0 0.396094 0.086328 0.018750 0.039844
0 0.235547 0.657813 0.019531 0.042188
0 0.304688 0.944141 0.017188 0.036719
0 0.930078 0.118359 0.013281 0.028906
0 0.378516 0.653125 0.019531 0.042188
0 0.451172 0.453125 0.013281 0.029687
0 0.827734 0.196484 0.016406 0.035156
0 0.523047 0.567578 0.013281 0.028906
0 0.327344 0.164453 0.015625 0.033594
0 0.770312 0.611719 0.017188 0.037500
0 0.936328 0.868750 0.013281 0.029687
0 0.977344 0.314453 0.015625 0.033594
0 0.164453 0.650781 0.019531 0.042188
0 0.851953 0.696094 0.017969 0.039062
0 0.952734 0.341406 0.014844 0.031250
0 0.750391 0.559375 0.014844 0.032813
0 0.576562 0.300781 0.017188 0.037500
0 0.830469 0.401562 0.017188 0.037500
