0 0.511719 0.372266 0.017188 0.035156
0 0.873828 0.893750 0.014844 0.032813
0 0.517578 0.475781 0.017969 0.039062
0 0.534375 0.065234 0.015625 0.033594
0 0.783203 0.395703 0.017969 0.036719
0 0.385156 0.070703 0.018750 0.039844
0 0.686328 0.043750 0.014844 0.031250
0 0.521875 0.500391 0.020313 0.044531
0 0.417187 0.189844 0.021875 0.046875
0 0.143750 0.904297 0.014063 0.030469
0 0.390625 0.702344 0.015625 0.032813
0 0.864062 0.798047 0.012500 0.027344
0 0.324609 0.526172 0.016406 0.035156
0 0.375391 0.435547 0.016406 0.035156
0 0.330469 0.788281 0.014063 0.029687
0 0.935937 0.319141 0.020313 0.042969
0 0.068359 0.526172 0.019531 0.039844
0 0.427734 0.816406 0.019531 0.042188
0 0.837500 0.376172 0.017188 0.036719
0 0.944531 0.757812 0.018750 0.039062
0 0.960938 0.873437 0.014063 0.029687
0 0.579297 0.294922 0.017969 0.038281
0 0.770312 0.964844 0.012500 0.026562
0 0.611328 0.033594 0.017969 0.039062
0 0.148438 0.374609 0.015625 0.032031
0 0.142969 0.555469 0.015625 0.034375
0 0.931641 0.515234 0.019531 0.041406
0 0.115625 0.627734 0.015625 0.033594
