0 0.407422 0.327344 0.016406 0.035937
0 0.437891 0.174609 0.011719 0.025781
0 0.732031 0.923828 0.014063 0.028906
0 0.314453 0.196875 0.014844 0.032813
0 0.871484 0.913281 0.019531 0.042188
0 0.744531 0.739453 0.014063 0.030469
0 0.048047 0.571875 0.016406 0.035937
0 0.325781 0.963672 0.015625 0.033594
0 0.717187 0.746094 0.015625 0.034375
0 0.832812 0.883203 0.018750 0.038281
0 0.164844 0.674219 0.012500 0.026562
0 0.755469 0.670703 0.021875 0.044531
0 0.716016 0.876563 0.016406 0.034375
0 0.560937 0.442188 0.017188 0.037500
0 0.053125 0.800781 0.018750 0.040625
0 0.821484 0.795312 0.014844 0.031250
0 0.243750 0.937500 0.012500 0.026562
0 0.457031 0.393750 0.014063 0.029687
0 0.453516 0.960156 0.016406 0.035937
0 0.278516 0.683203 0.016406 0.035156
0 0.641797 0.880078 0.021094 0.044531
0 0.062891 0.051172 0.013281 0.028906
0 0.683984 0.724609 0.021094 0.044531
0 0.716406 0.541406 0.012500 0.026562
0 0.373047 0.836719 0.019531 0.042188
0 0.867188 0.033203 0.012500 0.027344
0 0.023828 0.189062 0.019531 0.042188
0 0.028125 0.796484 0.020313 0.042969
