0 0.639062 0.646484 0.021875 0.046094
0 0.107422 0.090234 0.011719 0.025781
0 0.714063 0.185547 0.018750 0.038281
0 0.947656 0.575391 0.012500 0.027344
0 0.074219 0.914062 0.012500 0.028125
0 0.371094 0.354297 0.017188 0.036719
0 0.624609 0.928516 0.016406 0.035156
0 0.744922 0.486719 0.021094 0.045312
0 0.073438 0.726562 0.015625 0.032813
0 0.369531 0.781641 0.014063 0.030469
0 0.212891 0.878125 0.019531 0.042188
0 0.239063 0.906250 0.018750 0.039062
0 0.528906 0.204687 0.017188 0.035937
0 0.165234 0.266016 0.016406 0.035156
0 0.482812 0.829688 0.018750 0.040625
0 0.497266 0.811719 0.017969 0.039062
0 0.483203 0.144141 0.016406 0.035156
