0 0.537109 0.847266 0.011719 0.025781
0 0.101562 0.342969 0.012500 0.026562
0 0.735547 0.238672 0.013281 0.027344
0 0.898047 0.741016 0.011719 0.025781
0 0.590234 0.080469 0.013281 0.028125
0 0.014063 0.941797 0.018750 0.041406
0 0.620703 0.860938 0.021094 0.045312
0 0.259375 0.594922 0.014063 0.030469
0 0.818359 0.866406 0.019531 0.042188
0 0.861719 0.398047 0.017188 0.036719
0 0.181250 0.777344 0.014063 0.029687
0 0.410938 0.449219 0.015625 0.034375
0 0.370703 0.887891 0.014844 0.032031
0 0.252734 0.070703 0.017969 0.038281
0 0.418750 0.722656 0.017188 0.035937
0 0.266406 0.468359 0.017188 0.036719
0 0.583594 0.507031 0.021875 0.046875
