0 0.433838 0.402557 0.012207 0.038010
0 0.439209 0.231513 0.009277 0.029026
0 0.327148 0.751555 0.011719 0.035245
0 0.350830 0.053559 0.009277 0.028334
0 0.598389 0.980650 0.008301 0.026261
0 0.725342 0.778162 0.010254 0.031790
0 0.403076 0.855909 0.012207 0.036628
0 0.867432 0.508984 0.012207 0.038010
0 0.866699 0.503801 0.011719 0.035936
0 0.344238 0.228404 0.008789 0.026952
0 0.479492 0.155840 0.009766 0.028334
0 0.172852 0.207671 0.012695 0.036628
0 0.291504 0.688666 0.010742 0.032481
0 0.838135 0.618521 0.009277 0.029026
