0 0.369531 0.264844 0.021875 0.046875
0 0.262891 0.465625 0.011719 0.026562
0 0.533984 0.042969 0.017969 0.039062
0 0.201953 0.684766 0.011719 0.025781
0 0.814844 0.958203 0.014063 0.030469
0 0.441016 0.395703 0.016406 0.035156
0 0.680859 0.651172 0.017969 0.038281
0 0.762500 0.348047 0.017188 0.036719
0 0.295312 0.233203 0.015625 0.033594
0 0.038672 0.129297 0.021094 0.046094
0 0.092578 0.676953 0.014844 0.032031
0 0.774219 0.429688 0.018750 0.040625
0 0.103125 0.425391 0.015625 0.033594
0 0.231250 0.390625 0.017188 0.037500
0 0.187891 0.571875 0.021094 0.045312
0 0.252344 0.714453 0.018750 0.041406
0 0.168750 0.043359 0.015625 0.032031
0 0.097656 0.526172 0.017188 0.038281
0 0.553125 0.550391 0.020313 0.041406
0 0.335938 0.745703 0.015625 0.033594
0 0.420312 0.271094 0.018750 0.040625
0 0.355859 0.598828 0.011719 0.025781
0 0.362891 0.789844 0.021094 0.045312
0 0.330469 0.712500 0.015625 0.032813
0 0.443359 0.282813 0.016406 0.035937
0 0.397656 0.033594 0.012500 0.026562
0 0.332813 0.323047 0.012500 0.025781
0 0.548438 0.584375 0.018750 0.039062
0 0.127734 0.830469 0.016406 0.035937
