0 0.323437 0.977344 0.017188 0.035937
0 0.575781 0.090234 0.020313 0.044531
0 0.683984 0.283203 0.019531 0.041406
0 0.468359 0.318750 0.016406 0.035937
0 0.663672 0.250781 0.019531 0.042188
0 0.920703 0.805469 0.021094 0.043750
0 0.046094 0.427344 0.017188 0.037500
0 0.986328 0.743359 0.017969 0.036719
0 0.107813 0.762500 0.021875 0.046875
0 0.924609 0.834766 0.011719 0.025781
0 0.716406 0.519922 0.018750 0.039844
0 0.260156 0.344922 0.018750 0.039844
0 0.438281 0.587500 0.018750 0.039062
0 0.488672 0.682422 0.021094 0.046094
0 0.948438 0.912891 0.021875 0.046094
0 0.132812 0.509375 0.015625 0.034375
