0 0.464062 0.526172 0.012500 0.027344
0 0.104297 0.122266 0.013281 0.028906
0 0.926172 0.305859 0.011719 0.025781
0 0.870703 0.217188 0.016406 0.035937
0 0.578906 0.669531 0.017188 0.035937
0 0.137891 0.912891 0.013281 0.028906
0 0.616406 0.643750 0.012500 0.026562
0 0.463672 0.291016 0.013281 0.028906
0 0.674219 0.217188 0.018750 0.040625
0 0.415625 0.468750 0.015625 0.034375
0 0.160156 0.954688 0.012500 0.028125
0 0.630859 0.031250 0.014844 0.032813
0 0.710156 0.943750 0.012500 0.026562
0 0.861328 0.049219 0.019531 0.042188
0 0.989844 0.932031 0.017188 0.037500
0 0.382812 0.183594 0.021875 0.046875
0 0.852734 0.493359 0.017969 0.038281
0 0.615625 0.450781 0.021875 0.046875
