0 0.244629 0.615411 0.009766 0.029717
0 0.250977 0.149274 0.011719 0.035936
0 0.533691 0.349343 0.009766 0.029717
0 0.243408 0.699724 0.012207 0.038010
0 0.265381 0.363856 0.012207 0.035245
0 0.657959 0.540083 0.010254 0.029717
0 0.857422 0.253974 0.011719 0.036628
0 0.359131 0.368003 0.012207 0.036628
0 0.769775 0.893573 0.009277 0.029026
0 0.472900 0.060815 0.009277 0.027643
0 0.234131 0.392536 0.009277 0.029026
0 0.034180 0.319627 0.009766 0.029717
0 0.537354 0.892882 0.011230 0.034554
0 0.049805 0.045266 0.012695 0.036628
