0 0.297266 0.142187 0.014844 0.032813
0 0.574609 0.178906 0.014844 0.032813
0 0.456250 0.360156 0.014063 0.029687
0 0.498437 0.822266 0.021875 0.044531
0 0.617188 0.885156 0.017188 0.035937
0 0.958594 0.692187 0.021875 0.046875
0 0.945703 0.159375 0.019531 0.042188
0 0.130078 0.322656 0.019531 0.042188
0 0.521094 0.627734 0.012500 0.025781
0 0.219922 0.149219 0.016406 0.035937
0 0.965625 0.603906 0.018750 0.039062
0 0.830078 0.295312 0.011719 0.026562
0 0.693750 0.929688 0.020313 0.042188
0 0.780469 0.739844 0.018750 0.039062
0 0.520312 0.790234 0.017188 0.035156
0 0.781250 0.355078 0.018750 0.039844
0 0.733594 0.756250 0.014063 0.029687
0 0.552344 0.204297 0.014063 0.030469
0 0.590234 0.314844 0.014844 0.029687
0 0.711328 0.254688 0.017969 0.039062
0 0.667969 0.282422 0.014063 0.030469
0 0.735156 0.422656 0.018750 0.040625
0 0.219922 0.152344 0.016406 0.035937
0 0.694531 0.083203 0.015625 0.033594
0 0.724219 0.178516 0.014063 0.028906
0 0.624219 0.098047 0.015625 0.032031
0 0.553125 0.851172 0.018750 0.039844
0 0.185938 0.026953 0.018750 0.039844
0 0.183594 0.674219 0.015625 0.034375
0 0.904297 0.557422 0.014844 0.032031
