0 0.364844 0.312500 0.018750 0.040625
0 0.298828 0.625000 0.019531 0.042188
0 0.383984 0.781641 0.013281 0.028906
0 0.566797 0.785156 0.014844 0.031250
0 0.048438 0.204297 0.017188 0.036719
0 0.858984 0.545312 0.016406 0.035937
0 0.218750 0.478125 0.012500 0.026562
0 0.721094 0.671094 0.021875 0.046875
0 0.143750 0.454297 0.017188 0.038281
0 0.390625 0.302734 0.015625 0.032031
0 0.431250 0.173437 0.021875 0.046875
0 0.097656 0.944531 0.020313 0.043750
0 0.695312 0.075000 0.018750 0.039062
0 0.367578 0.564844 0.019531 0.042188
0 0.244141 0.933594 0.019531 0.042188
0 0.932813 0.362891 0.012500 0.027344
0 0.671094 0.580078 0.017188 0.036719
0 0.360156 0.567187 0.021875 0.046875
0 0.636719 0.539062 0.017188 0.037500
