0 0.553906 0.360547 0.012500 0.027344
0 0.368750 0.152344 0.018750 0.040625
0 0.902734 0.616406 0.017969 0.039062
0 0.564453 0.355469 0.014844 0.032813
0 0.398828 0.025781 0.014844 0.032813
0 0.254297 0.160938 0.019531 0.042188
0 0.355469 0.245312 0.020313 0.042188
0 0.460156 0.806641 0.020313 0.042969
0 0.810156 0.030859 0.020313 0.042969
0 0.069531 0.024609 0.015625 0.033594
0 0.568750 0.027734 0.020313 0.042969
0 0.569531 0.378516 0.012500 0.027344
0 0.371094 0.942187 0.015625 0.032813
0 0.471875 0.923828 0.012500 0.027344
0 0.161719 0.310547 0.015625 0.033594
0 0.828906 0.733984 0.015625 0.032031
0 0.202344 0.219531 0.015625 0.034375
