0 0.764453 0.514062 0.021094 0.045312
0 0.183203 0.217578 0.011719 0.025781
0 0.535547 0.172266 0.017969 0.039844
0 0.578516 0.639453 0.017969 0.038281
0 0.826172 0.457031 0.016406 0.035937
0 0.581641 0.947266 0.011719 0.025781
0 0.812891 0.544141 0.016406 0.035156
0 0.208203 0.903516 0.017969 0.038281
0 0.863281 0.160547 0.020313 0.041406
0 0.730859 0.773047 0.011719 0.025781
0 0.117969 0.363672 0.017188 0.036719
0 0.229297 0.455859 0.017969 0.038281
0 0.113672 0.692187 0.019531 0.042188
0 0.582031 0.909375 0.015625 0.032813
0 0.364453 0.251953 0.017969 0.038281
0 0.294922 0.215625 0.021094 0.045312
