0 0.115234 0.417070 0.009766 0.028334
0 0.905029 0.860746 0.009277 0.026952
0 0.859375 0.841050 0.008789 0.027643
0 0.895020 0.394610 0.011719 0.034554
0 0.238281 0.057360 0.010742 0.031790
0 0.885986 0.335522 0.009277 0.028334
0 0.344727 0.883552 0.011719 0.035245
0 0.004150 0.266413 0.008301 0.025570
0 0.356934 0.377678 0.011719 0.035245
0 0.935791 0.403939 0.011230 0.033863
0 0.314941 0.445059 0.011719 0.035936
0 0.751953 0.692813 0.008789 0.026952
0 0.464111 0.241880 0.010254 0.031790
0 0.163086 0.569109 0.011719 0.035245
0 0.831787 0.765377 0.010254 0.029717
