0 0.069092 0.686938 0.010254 0.031790
0 0.470947 0.967519 0.009277 0.027643
0 0.329102 0.584658 0.008789 0.026261
0 0.112793 0.505183 0.008789 0.027643
0 0.386719 0.810988 0.011719 0.035245
0 0.090088 0.527989 0.009277 0.029026
0 0.913330 0.067035 0.011230 0.034554
0 0.897461 0.957153 0.009766 0.030408
0 0.411621 0.597097 0.011719 0.035936
0 0.404785 0.184520 0.009766 0.029026
0 0.665771 0.960608 0.012207 0.037319
0 0.719727 0.914305 0.010742 0.033172
0 0.493408 0.507602 0.009277 0.028334
0 0.811768 0.284381 0.012207 0.036628
