0 0.835449 0.183483 0.008789 0.025570
0 0.136230 0.853490 0.011719 0.035936
0 0.588379 0.107118 0.009766 0.029026
0 0.178467 0.110228 0.008301 0.025570
0 0.170898 0.363856 0.011719 0.033863
0 0.050781 0.967865 0.011719 0.036628
0 0.074707 0.513131 0.008789 0.026952
0 0.555176 0.905321 0.010742 0.033172
0 0.471924 0.487560 0.011230 0.035245
0 0.663818 0.543538 0.011230 0.033863
0 0.742432 0.642364 0.011230 0.033863
0 0.955811 0.896683 0.010254 0.029717
0 0.861328 0.219419 0.008789 0.026952
0 0.384033 0.375259 0.009277 0.029026
0 0.978760 0.140636 0.010254 0.031099
