0 0.129156 0.220148 0.004030 0.012254
0 0.537578 0.883443 0.004030 0.012539
0 0.090268 0.363351 0.004433 0.013679
0 0.397542 0.202907 0.004433 0.013679
0 0.653939 0.007125 0.004634 0.014249
0 0.198670 0.691793 0.004433 0.013394
0 0.163409 0.958678 0.004433 0.013679
0 0.591779 0.634369 0.004030 0.012539
0 0.430687 0.081790 0.004634 0.014249
0 0.376184 0.185238 0.004030 0.011969
0 0.122104 0.851525 0.003627 0.011399
0 0.356035 0.213024 0.004030 0.012254
0 0.668144 0.958250 0.003627 0.011114
0 0.685875 0.960388 0.005239 0.015959
0 0.464034 0.588059 0.004433 0.013394
