0 0.345703 0.924219 0.016406 0.035937
0 0.238281 0.148047 0.012500 0.027344
0 0.699609 0.795312 0.013281 0.028125
0 0.858984 0.896484 0.013281 0.028906
0 0.543750 0.506641 0.018750 0.041406
0 0.156641 0.239844 0.021094 0.045312
0 0.365234 0.049219 0.011719 0.026562
0 0.341797 0.784766 0.011719 0.025781
0 0.020703 0.875391 0.019531 0.041406
0 0.083984 0.321875 0.019531 0.042188
0 0.849609 0.218359 0.019531 0.041406
0 0.260547 0.697656 0.019531 0.042188
0 0.659375 0.591016 0.015625 0.033594
0 0.414062 0.352734 0.015625 0.033594
0 0.442578 0.969531 0.017969 0.039062
0 0.650781 0.455859 0.018750 0.041406
0 0.687891 0.886328 0.017969 0.038281
0 0.404687 0.311328 0.014063 0.030469
0 0.885156 0.739062 0.015625 0.034375
0 0.879687 0.466797 0.014063 0.030469
