0 0.519746 0.863494 0.004231 0.013109
0 0.542011 0.528641 0.004433 0.012539
0 0.123514 0.917070 0.003627 0.010829
0 0.297703 0.415076 0.005037 0.015674
0 0.591981 0.693787 0.004433 0.013394
0 0.080193 0.971359 0.004030 0.012254
0 0.971187 0.533628 0.004836 0.013964
0 0.529115 0.066686 0.005239 0.015389
0 0.252267 0.889997 0.004030 0.012539
0 0.440258 0.668994 0.004030 0.012254
0 0.603969 0.040895 0.004231 0.012824
0 0.196051 0.586207 0.004836 0.014819
0 0.470079 0.145911 0.004433 0.013679
0 0.895527 0.889000 0.003828 0.011684
