0 0.805078 0.253125 0.021094 0.045312
0 0.125391 0.871875 0.013281 0.029687
0 0.185156 0.096875 0.021875 0.046875
0 0.009766 0.902734 0.013281 0.028906
0 0.703516 0.691406 0.016406 0.035937
0 0.812500 0.766406 0.014063 0.031250
0 0.458594 0.211719 0.018750 0.039062
0 0.923438 0.840625 0.021875 0.045312
0 0.302344 0.669922 0.018750 0.039844
0 0.893750 0.278125 0.012500 0.028125
0 0.282422 0.930859 0.021094 0.044531
0 0.925781 0.039844 0.014063 0.029687
0 0.470703 0.185156 0.016406 0.035937
0 0.512500 0.313281 0.014063 0.029687
0 0.948438 0.596484 0.020313 0.042969
0 0.821875 0.326953 0.014063 0.030469
0 0.125781 0.716797 0.018750 0.041406
0 0.634766 0.772266 0.021094 0.046094
0 0.454688 0.636719 0.018750 0.040625
0 0.091016 0.849219 0.016406 0.035937
