0 0.052734 0.868359 0.016406 0.033594
0 0.553516 0.386719 0.016406 0.035937
0 0.493750 0.978906 0.017188 0.037500
0 0.754687 0.846875 0.017188 0.037500
0 0.217188 0.695703 0.014063 0.030469
0 0.387109 0.541406 0.021094 0.045312
0 0.749609 0.208203 0.017969 0.038281
0 0.621094 0.101562 0.017188 0.037500
0 0.585156 0.820703 0.021875 0.047656
0 0.120703 0.551953 0.016406 0.033594
0 0.275781 0.753906 0.020313 0.043750
0 0.816406 0.038281 0.017188 0.035937
0 0.073047 0.842187 0.019531 0.042188
0 0.618750 0.782813 0.012500 0.028125
0 0.844922 0.130469 0.021094 0.045312
0 0.839453 0.134375 0.014844 0.031250
0 0.385156 0.874609 0.014063 0.030469
0 0.259766 0.621484 0.019531 0.042969
0 0.084375 0.760156 0.020313 0.043750
0 0.699609 0.048438 0.021094 0.045312
0 0.432031 0.442969 0.021875 0.046875
0 0.798047 0.668750 0.019531 0.040625
0 0.914453 0.798438 0.016406 0.035937
0 0.957812 0.766406 0.015625 0.034375
0 0.253516 0.235156 0.021094 0.045312
0 0.138672 0.054688 0.014844 0.032813
0 0.799219 0.846875 0.017188 0.037500
0 0.572266 0.223047 0.019531 0.042969
