0 0.887891 0.831641 0.017969 0.038281
0 0.910547 0.249219 0.014844 0.031250
0 0.667188 0.619531 0.018750 0.039062
0 0.437500 0.325000 0.018750 0.040625
0 0.495703 0.070703 0.016406 0.035156
0 0.278125 0.613672 0.015625 0.033594
0 0.625000 0.443750 0.015625 0.032813
0 0.092188 0.600000 0.012500 0.026562
0 0.410156 0.570703 0.012500 0.027344
0 0.094531 0.532422 0.017188 0.035156
0 0.570703 0.749219 0.016406 0.035937
0 0.201563 0.956641 0.014063 0.030469
0 0.288672 0.095312 0.016406 0.035937
0 0.277344 0.271094 0.014063 0.029687
0 0.060937 0.655859 0.012500 0.027344
0 0.560156 0.341406 0.017188 0.037500
