0 0.908984 0.352344 0.017969 0.039062
0 0.127734 0.645312 0.016406 0.035937
0 0.840234 0.712500 0.016406 0.034375
0 0.714844 0.189062 0.020313 0.043750
0 0.155859 0.601172 0.013281 0.028906
0 0.943359 0.888672 0.022656 0.046094
0 0.805469 0.336719 0.018750 0.040625
0 0.038281 0.281641 0.020313 0.041406
0 0.448047 0.475391 0.017969 0.036719
0 0.557031 0.855078 0.021875 0.044531
0 0.732031 0.557422 0.015625 0.033594
0 0.326562 0.901563 0.014063 0.031250
0 0.693359 0.160156 0.019531 0.042188
0 0.960938 0.883203 0.020313 0.044531
0 0.434766 0.095703 0.016406 0.035156
0 0.818359 0.744141 0.017969 0.038281
0 0.206641 0.905078 0.019531 0.042969
0 0.630469 0.704297 0.020313 0.042969
0 0.639062 0.595703 0.017188 0.036719
0 0.501172 0.923828 0.021094 0.042969
0 0.703906 0.513672 0.014063 0.030469
