0 0.655469 0.491406 0.017188 0.035937
0 0.056250 0.198437 0.020313 0.043750
0 0.023438 0.905078 0.012500 0.027344
0 0.924609 0.194141 0.017969 0.038281
0 0.394922 0.192969 0.014844 0.032813
0 0.971094 0.867188 0.018750 0.039062
0 0.517188 0.685937 0.015625 0.032813
0 0.121875 0.169531 0.017188 0.037500
0 0.184766 0.573047 0.021094 0.044531
0 0.976172 0.846094 0.016406 0.035937
0 0.622266 0.176953 0.021094 0.044531
0 0.789844 0.072266 0.017188 0.036719
0 0.214844 0.411328 0.014063 0.030469
0 0.665625 0.735547 0.014063 0.030469
