0 0.959961 0.224257 0.011719 0.036628
0 0.061523 0.304423 0.012695 0.038010
0 0.736084 0.976158 0.012207 0.036628
0 0.508057 0.060470 0.009277 0.028334
0 0.680908 0.948169 0.010254 0.031790
0 0.575195 0.639945 0.008789 0.027643
0 0.785156 0.786800 0.008789 0.026952
0 0.099121 0.511748 0.010742 0.032481
0 0.692627 0.030408 0.012207 0.037319
0 0.368896 0.417761 0.010254 0.031099
0 0.681641 0.753628 0.008789 0.025570
0 0.670166 0.475466 0.012207 0.037319
0 0.609619 0.200069 0.011230 0.035245
0 0.158691 0.078093 0.011719 0.035936
0 0.980469 0.282654 0.008789 0.026261
