0 0.137939 0.633725 0.010254 0.031790
0 0.456299 0.643400 0.010254 0.031790
0 0.475342 0.456462 0.008301 0.025570
0 0.384766 0.255356 0.009766 0.029717
0 0.184326 0.281272 0.012207 0.037319
0 0.564453 0.760885 0.010742 0.033172
0 0.706787 0.512094 0.011230 0.034554
0 0.929443 0.879406 0.012207 0.036628
0 0.414062 0.103663 0.008789 0.026261
0 0.466064 0.476849 0.013184 0.038701
0 0.410156 0.284727 0.011719 0.035936
0 0.082764 0.871804 0.012207 0.038010
0 0.106445 0.568763 0.011719 0.035936
0 0.443848 0.557360 0.010742 0.032481
0 0.258301 0.740843 0.009766 0.030408
