0 0.641406 0.195703 0.020313 0.044531
0 0.656250 0.616406 0.020313 0.043750
0 0.315625 0.726953 0.014063 0.028906
0 0.114844 0.922656 0.015625 0.034375
0 0.359375 0.878516 0.014063 0.030469
0 0.118359 0.605078 0.019531 0.042969
0 0.857031 0.074609 0.020313 0.044531
0 0.141797 0.187109 0.011719 0.025781
0 0.415625 0.598828 0.020313 0.044531
0 0.289453 0.194531 0.019531 0.042188
0 0.193750 0.312109 0.017188 0.038281
0 0.560547 0.134766 0.017969 0.036719
0 0.586719 0.346875 0.015625 0.032813
0 0.303906 0.469922 0.018750 0.041406
0 0.845703 0.864844 0.013281 0.029687
0 0.750781 0.769141 0.017188 0.036719
0 0.332031 0.117578 0.020313 0.042969
0 0.366016 0.198437 0.022656 0.046875
0 0.740625 0.704297 0.018750 0.039844
0 0.298828 0.888281 0.013281 0.028125
0 0.653906 0.579688 0.018750 0.040625
0 0.627734 0.916797 0.017969 0.039844
0 0.881250 0.832812 0.021875 0.046875
0 0.699219 0.978516 0.015625 0.033594
0 0.717969 0.688281 0.014063 0.029687
