0 0.586719 0.548047 0.014063 0.030469
0 0.236328 0.888672 0.011719 0.025781
0 0.697266 0.224219 0.014844 0.031250
0 0.440234 0.310547 0.017969 0.038281
0 0.757422 0.606641 0.013281 0.028906
0 0.758984 0.873437 0.017969 0.039062
0 0.937109 0.465234 0.017969 0.039844
0 0.606641 0.382812 0.021094 0.045312
0 0.154688 0.471094 0.015625 0.034375
0 0.275781 0.230078 0.018750 0.039844
0 0.622656 0.852734 0.017188 0.035156
0 0.188672 0.430078 0.013281 0.028906
0 0.449219 0.601562 0.021875 0.045312
0 0.308203 0.732812 0.019531 0.042188
0 0.972656 0.823438 0.014063 0.031250
0 0.048047 0.513672 0.016406 0.035156
0 0.112109 0.716797 0.013281 0.028906
0 0.756250 0.651563 0.020313 0.042188
0 0.159375 0.167578 0.017188 0.036719
