0 0.707031 0.421875 0.014063 0.031250
0 0.802344 0.835547 0.014063 0.030469
0 0.778516 0.680078 0.016406 0.033594
0 0.285547 0.883203 0.022656 0.046094
0 0.840625 0.286719 0.020313 0.043750
0 0.658203 0.418750 0.019531 0.042188
0 0.928125 0.722266 0.017188 0.036719
0 0.928906 0.113672 0.015625 0.033594
0 0.789062 0.777734 0.020313 0.044531
0 0.767969 0.221875 0.012500 0.026562
0 0.900000 0.330469 0.020313 0.042188
0 0.529297 0.687891 0.021094 0.044531
0 0.510156 0.531250 0.014063 0.029687
0 0.120703 0.278906 0.013281 0.029687
0 0.794922 0.431250 0.017969 0.039062
0 0.332422 0.374609 0.013281 0.028906
0 0.031250 0.025781 0.020313 0.043750
0 0.845703 0.178516 0.017969 0.039844
0 0.057422 0.363672 0.013281 0.028906
0 0.390625 0.100391 0.015625 0.033594
0 0.446875 0.900781 0.014063 0.029687
0 0.036719 0.312500 0.018750 0.040625
0 0.392969 0.488672 0.015625 0.033594
0 0.171094 0.549609 0.012500 0.027344
0 0.801562 0.537500 0.015625 0.034375
0 0.158984 0.781641 0.011719 0.025781
