0 0.601562 0.397656 0.017188 0.037500
0 0.223438 0.094141 0.015625 0.033594
0 0.550391 0.601172 0.016406 0.035156
0 0.451953 0.600391 0.021094 0.046094
0 0.352344 0.731250 0.021875 0.046875
0 0.555078 0.369141 0.019531 0.041406
0 0.471875 0.962500 0.014063 0.031250
0 0.694531 0.708984 0.015625 0.032031
0 0.091797 0.700391 0.017969 0.039844
0 0.300000 0.753906 0.020313 0.043750
0 0.754687 0.832422 0.017188 0.038281
0 0.579297 0.583594 0.021094 0.045312
0 0.772656 0.261328 0.014063 0.030469
0 0.869922 0.451172 0.022656 0.046094
0 0.444141 0.902344 0.013281 0.028125
0 0.883984 0.861328 0.011719 0.025781
0 0.526172 0.877734 0.013281 0.028906
