0 0.656659 0.634796 0.004030 0.012254
0 0.351400 0.579795 0.004030 0.011684
0 0.979549 0.931177 0.004231 0.012824
0 0.378803 0.456113 0.005239 0.015674
0 0.787427 0.975349 0.003627 0.011114
0 0.592585 0.105443 0.004433 0.013679
0 0.027907 0.970647 0.004231 0.013109
0 0.863288 0.845683 0.005037 0.015674
0 0.359460 0.609005 0.004030 0.012539
0 0.483478 0.583927 0.003828 0.011969
0 0.601652 0.528641 0.004433 0.013679
0 0.470683 0.935594 0.004836 0.014249
0 0.124421 0.754773 0.004634 0.013964
0 0.494258 0.811770 0.004433 0.013394
0 0.201290 0.950271 0.003627 0.011114
