0 0.145996 0.374914 0.011719 0.035245
0 0.269287 0.398065 0.011230 0.034554
0 0.981445 0.036973 0.008789 0.026952
0 0.980957 0.608846 0.009766 0.030408
0 0.969971 0.058051 0.009277 0.027643
0 0.508057 0.033863 0.009277 0.029026
0 0.125244 0.932619 0.012207 0.038010
0 0.105713 0.025225 0.011230 0.033863
0 0.763916 0.513131 0.010254 0.031099
0 0.410156 0.818936 0.010742 0.033172
0 0.350586 0.618521 0.009766 0.030408
0 0.585449 0.596752 0.012695 0.038010
0 0.986084 0.970629 0.010254 0.029717
0 0.538818 0.363511 0.011230 0.033172
