0 0.621484 0.104688 0.013281 0.029687
0 0.952344 0.279297 0.020313 0.044531
0 0.521094 0.468359 0.020313 0.044531
0 0.325391 0.715625 0.013281 0.028125
0 0.226562 0.187109 0.012500 0.025781
0 0.510547 0.205469 0.021094 0.045312
0 0.532813 0.546484 0.017188 0.036719
0 0.961719 0.667969 0.012500 0.026562
0 0.455078 0.290625 0.014844 0.031250
0 0.491797 0.912500 0.016406 0.035937
0 0.525000 0.944141 0.018750 0.039844
0 0.385156 0.935156 0.020313 0.043750
0 0.403516 0.519531 0.013281 0.028125
0 0.710547 0.324609 0.013281 0.028906
0 0.944141 0.716406 0.019531 0.042188
0 0.211328 0.203516 0.017969 0.038281
0 0.851172 0.064453 0.019531 0.041406
