0 0.910937 0.937891 0.015625 0.033594
0 0.714453 0.532422 0.019531 0.042969
0 0.008984 0.960547 0.013281 0.027344
0 0.151562 0.803906 0.015625 0.032813
0 0.185547 0.266406 0.021094 0.045312
0 0.317578 0.780859 0.014844 0.032031
0 0.464844 0.095703 0.020313 0.041406
0 0.956641 0.709766 0.013281 0.027344
0 0.503125 0.321875 0.020313 0.043750
0 0.045703 0.510547 0.019531 0.042969
0 0.046484 0.438281 0.016406 0.034375
0 0.671875 0.050781 0.017188 0.037500
0 0.639062 0.478125 0.012500 0.028125
0 0.718359 0.563281 0.021094 0.045312
0 0.494922 0.525781 0.021094 0.045312
0 0.175781 0.616406 0.014063 0.028125
0 0.582031 0.745313 0.021875 0.046875
0 0.527734 0.717969 0.014844 0.031250
0 0.685937 0.903125 0.021875 0.046875
0 0.314844 0.503516 0.020313 0.044531
0 0.162500 0.330078 0.014063 0.028906
