0 0.301028 0.174836 0.004836 0.013964
0 0.162704 0.704332 0.005037 0.015104
0 0.222245 0.332858 0.004433 0.013679
0 0.850393 0.364919 0.005037 0.015674
0 0.495668 0.785124 0.004030 0.011969
0 0.891094 0.908663 0.003828 0.011684
0 0.644570 0.442149 0.004030 0.012254
0 0.782390 0.332146 0.003627 0.011114
0 0.671670 0.894129 0.005037 0.015104
0 0.245416 0.049302 0.004030 0.011969
0 0.208241 0.738387 0.004634 0.014249
0 0.074854 0.346537 0.004634 0.014249
0 0.405904 0.761755 0.005037 0.014819
0 0.430788 0.201054 0.004836 0.014534
0 0.706931 0.540610 0.004634 0.013679
