0 0.881641 0.670703 0.019531 0.041406
0 0.871094 0.712891 0.021875 0.046094
0 0.482422 0.210156 0.019531 0.042188
0 0.085938 0.841797 0.020313 0.044531
0 0.098828 0.764844 0.011719 0.026562
0 0.501953 0.165625 0.013281 0.028125
0 0.712500 0.483203 0.021875 0.046094
0 0.875000 0.859766 0.017188 0.036719
0 0.066797 0.846484 0.014844 0.032031
0 0.794141 0.508594 0.016406 0.035937
0 0.376172 0.242969 0.019531 0.042188
0 0.212109 0.929297 0.016406 0.035156
0 0.271484 0.406250 0.014844 0.032813
0 0.640625 0.262500 0.021875 0.046875
0 0.972266 0.875391 0.011719 0.025781
0 0.130859 0.746875 0.017969 0.039062
0 0.844922 0.017188 0.013281 0.029687
