0 0.756592 0.290947 0.011230 0.034554
0 0.389160 0.936075 0.009766 0.029717
0 0.480225 0.754319 0.011230 0.035245
0 0.710205 0.623013 0.012207 0.038010
0 0.376953 0.363165 0.011719 0.035245
0 0.122559 0.345543 0.012695 0.038701
0 0.162598 0.278853 0.011719 0.036628
0 0.402832 0.189703 0.008789 0.026952
0 0.034424 0.403594 0.012207 0.037319
0 0.694092 0.581548 0.011230 0.032481
0 0.906494 0.299931 0.009277 0.029026
0 0.232422 0.268487 0.008789 0.025570
0 0.884033 0.363165 0.011230 0.033863
0 0.226074 0.657222 0.010742 0.033172
0 0.531982 0.901520 0.012207 0.038010
