0 0.555859 0.315625 0.021094 0.045312
0 0.244922 0.569141 0.017969 0.038281
0 0.183203 0.673047 0.014844 0.032031
0 0.594141 0.969922 0.017969 0.036719
0 0.064844 0.203125 0.020313 0.042188
0 0.730469 0.094922 0.021875 0.047656
0 0.055469 0.082422 0.014063 0.030469
0 0.419922 0.019531 0.017969 0.039062
0 0.619531 0.431250 0.015625 0.032813
0 0.846094 0.223828 0.018750 0.041406
0 0.031641 0.558203 0.021094 0.044531
0 0.583984 0.374219 0.016406 0.035937
0 0.808594 0.824609 0.018750 0.039844
0 0.317188 0.926562 0.015625 0.034375
