0 0.066650 0.836558 0.009277 0.026952
0 0.526123 0.240152 0.012207 0.038010
0 0.378418 0.349343 0.012695 0.036628
0 0.228271 0.170698 0.011230 0.034554
0 0.505127 0.900484 0.010254 0.031790
0 0.338623 0.433310 0.012207 0.037319
0 0.288574 0.303732 0.010742 0.032481
0 0.188965 0.229786 0.011719 0.035245
0 0.150146 0.540083 0.012207 0.038010
0 0.650635 0.369730 0.011230 0.034554
0 0.861816 0.212854 0.011719 0.035936
0 0.334229 0.854527 0.012207 0.036628
0 0.916992 0.778507 0.011719 0.036628
0 0.760986 0.185211 0.011230 0.034554
