0 0.783594 0.806250 0.014063 0.031250
0 0.684375 0.588672 0.012500 0.027344
0 0.042188 0.869531 0.021875 0.046875
0 0.021484 0.417969 0.021094 0.045312
0 0.445312 0.441797 0.015625 0.032031
0 0.566406 0.193359 0.012500 0.027344
0 0.451953 0.546094 0.017969 0.039062
0 0.019531 0.297656 0.014063 0.031250
0 0.505078 0.594141 0.016406 0.035156
0 0.148438 0.217188 0.017188 0.035937
0 0.054688 0.128906 0.021875 0.046875
0 0.894922 0.942578 0.017969 0.038281
0 0.928906 0.701172 0.015625 0.033594
0 0.926562 0.135937 0.018750 0.039062
0 0.801172 0.826953 0.014844 0.032031
0 0.012500 0.706250 0.015625 0.032813
0 0.732031 0.132422 0.015625 0.032031
0 0.311328 0.083594 0.019531 0.042188
0 0.559766 0.326562 0.016406 0.035937
0 0.344922 0.809766 0.013281 0.027344
0 0.144141 0.814453 0.019531 0.041406
0 0.522266 0.568750 0.019531 0.042188
0 0.761719 0.184375 0.021875 0.046875
0 0.425781 0.457813 0.020313 0.043750
0 0.838672 0.520312 0.021094 0.045312
0 0.373047 0.621875 0.021094 0.045312
0 0.067969 0.391797 0.017188 0.036719
0 0.398828 0.366797 0.019531 0.039844
0 0.763281 0.704297 0.021875 0.047656
0 0.226953 0.061719 0.021094 0.045312
