0 0.966016 0.503125 0.014844 0.031250
0 0.326953 0.547656 0.016406 0.035937
0 0.171875 0.157422 0.012500 0.027344
0 0.899219 0.480859 0.017188 0.035156
0 0.707422 0.119531 0.013281 0.028125
0 0.651172 0.734375 0.022656 0.046875
0 0.046094 0.923828 0.015625 0.033594
0 0.337891 0.777734 0.019531 0.041406
0 0.138672 0.220312 0.013281 0.028125
0 0.369141 0.060156 0.021094 0.045312
0 0.352344 0.818750 0.021875 0.046875
0 0.661719 0.312891 0.018750 0.041406
0 0.403125 0.489844 0.020313 0.042188
0 0.188672 0.942969 0.019531 0.042188
0 0.221484 0.618750 0.017969 0.039062
0 0.736719 0.953906 0.021875 0.046875
0 0.539844 0.580078 0.015625 0.032031
0 0.271484 0.290625 0.016406 0.035937
0 0.769922 0.567578 0.014844 0.032031
0 0.625781 0.355469 0.020313 0.043750
0 0.828516 0.787891 0.013281 0.028906
0 0.218750 0.569141 0.020313 0.044531
0 0.687500 0.214062 0.020313 0.043750
0 0.841016 0.495312 0.019531 0.042188
0 0.442969 0.553906 0.021875 0.046875
0 0.969531 0.077344 0.017188 0.035937
0 0.172656 0.276562 0.015625 0.032813
0 0.102734 0.607422 0.014844 0.032031
0 0.439453 0.934375 0.011719 0.026562
0 0.872656 0.125781 0.014063 0.031250
