0 0.214689 0.586492 0.004231 0.013109
0 0.293572 0.659732 0.004433 0.013679
0 0.188898 0.392135 0.004231 0.013109
0 0.621701 0.677258 0.003425 0.010544
0 0.540097 0.679681 0.004231 0.013109
0 0.329035 0.913936 0.004836 0.014819
0 0.087850 0.223995 0.004433 0.013679
0 0.686883 0.597464 0.004836 0.014534
0 0.146685 0.211314 0.003627 0.011114
0 0.342031 0.394699 0.005440 0.015959
0 0.621600 0.756911 0.004030 0.012539
0 0.118577 0.061556 0.004634 0.014249
0 0.432903 0.166714 0.005037 0.015389
0 0.758211 0.077657 0.004030 0.012254
