0 0.853906 0.412500 0.017188 0.037500
0 0.639453 0.135156 0.016406 0.035937
0 0.530469 0.256641 0.018750 0.041406
0 0.863281 0.661719 0.021875 0.046875
0 0.751172 0.921094 0.013281 0.028125
0 0.023047 0.418750 0.016406 0.035937
0 0.692187 0.352734 0.020313 0.044531
0 0.940234 0.545312 0.013281 0.028125
0 0.346094 0.117969 0.014063 0.031250
0 0.576562 0.742578 0.014063 0.030469
0 0.596094 0.191797 0.017188 0.035156
0 0.176953 0.247656 0.014844 0.031250
0 0.231250 0.707812 0.018750 0.040625
0 0.530859 0.335547 0.013281 0.028906
0 0.148047 0.618750 0.019531 0.042188
