0 0.375781 0.595313 0.021875 0.046875
0 0.145703 0.416016 0.011719 0.025781
0 0.041406 0.310156 0.015625 0.034375
0 0.295312 0.208594 0.012500 0.028125
0 0.071094 0.542188 0.021875 0.045312
0 0.021484 0.360156 0.014844 0.031250
0 0.779687 0.133203 0.018750 0.038281
0 0.442969 0.569141 0.020313 0.044531
0 0.887109 0.505469 0.013281 0.029687
0 0.215234 0.400000 0.013281 0.029687
0 0.455078 0.814063 0.021094 0.045312
0 0.337891 0.711719 0.014844 0.031250
0 0.192188 0.248438 0.018750 0.040625
0 0.277734 0.311328 0.016406 0.035156
0 0.896094 0.188281 0.017188 0.037500
0 0.755469 0.647266 0.020313 0.044531
