0 0.982422 0.097656 0.019531 0.042188
0 0.359375 0.536719 0.018750 0.040625
0 0.573438 0.870313 0.018750 0.040625
0 0.668750 0.311719 0.018750 0.039062
0 0.759766 0.365234 0.021094 0.042969
0 0.279687 0.849219 0.015625 0.034375
0 0.115625 0.099219 0.012500 0.026562
0 0.396094 0.293750 0.020313 0.043750
0 0.261719 0.944141 0.014063 0.030469
0 0.856250 0.330469 0.014063 0.029687
0 0.912500 0.326172 0.014063 0.028906
0 0.799609 0.743359 0.017969 0.036719
0 0.647266 0.889453 0.014844 0.032031
0 0.917188 0.293359 0.021875 0.044531
0 0.130469 0.844141 0.012500 0.027344
0 0.987891 0.625781 0.016406 0.034375
0 0.628516 0.838672 0.017969 0.039844
0 0.326172 0.073438 0.019531 0.042188
0 0.097656 0.708984 0.018750 0.039844
