0 0.424609 0.749219 0.017969 0.039062
0 0.010547 0.445703 0.011719 0.025781
0 0.031641 0.093750 0.016406 0.035937
0 0.217188 0.683203 0.012500 0.027344
0 0.960156 0.461719 0.020313 0.043750
0 0.024219 0.179297 0.014063 0.030469
0 0.067578 0.282031 0.014844 0.031250
0 0.078516 0.524219 0.014844 0.032813
0 0.503125 0.637109 0.014063 0.030469
0 0.843359 0.126172 0.013281 0.028906
0 0.482422 0.532813 0.013281 0.026562
0 0.477734 0.168750 0.019531 0.042188
0 0.729688 0.803125 0.021875 0.046875
0 0.284375 0.630469 0.014063 0.031250
0 0.612891 0.446875 0.016406 0.035937
0 0.865234 0.770703 0.014844 0.032031
0 0.184375 0.427734 0.018750 0.039844
0 0.283984 0.396094 0.017969 0.039062
0 0.202344 0.445703 0.020313 0.044531
0 0.632422 0.792578 0.014844 0.030469
0 0.496484 0.505859 0.019531 0.042969
0 0.201953 0.247266 0.022656 0.046094
0 0.686328 0.296484 0.013281 0.028906
0 0.810156 0.303516 0.017188 0.036719
0 0.834375 0.085156 0.017188 0.035937
0 0.361719 0.964063 0.020313 0.043750
