0 0.795703 0.330469 0.019531 0.042188
0 0.066016 0.848828 0.019531 0.041406
0 0.152344 0.896875 0.018750 0.040625
0 0.344922 0.886328 0.016406 0.035156
0 0.483203 0.841797 0.011719 0.025781
0 0.312891 0.833984 0.017969 0.038281
0 0.789062 0.528516 0.020313 0.044531
0 0.394922 0.943750 0.019531 0.042188
0 0.520312 0.324219 0.014063 0.031250
0 0.811719 0.750391 0.020313 0.044531
0 0.933594 0.264844 0.020313 0.043750
0 0.699609 0.383984 0.019531 0.041406
0 0.214844 0.737500 0.012500 0.026562
0 0.275000 0.669531 0.015625 0.034375
0 0.525391 0.722266 0.014844 0.032031
0 0.717578 0.611719 0.016406 0.035937
0 0.888672 0.955859 0.011719 0.025781
0 0.801172 0.197266 0.014844 0.032031
0 0.823438 0.228906 0.017188 0.037500
0 0.758203 0.458594 0.017969 0.039062
0 0.926562 0.348828 0.015625 0.033594
0 0.798438 0.895703 0.018750 0.041406
0 0.273047 0.461719 0.016406 0.035937
0 0.792969 0.920703 0.014063 0.030469
0 0.070312 0.087891 0.018750 0.039844
0 0.519141 0.727734 0.016406 0.035156
