0 0.339062 0.284766 0.014063 0.030469
0 0.458203 0.557813 0.022656 0.046875
0 0.622266 0.076172 0.013281 0.028906
0 0.528125 0.207813 0.020313 0.043750
0 0.926172 0.663672 0.019531 0.041406
0 0.239063 0.252344 0.020313 0.042188
0 0.602344 0.176953 0.012500 0.025781
0 0.976562 0.742969 0.012500 0.026562
0 0.933594 0.183594 0.017188 0.037500
0 0.987109 0.634375 0.021094 0.043750
0 0.924609 0.030469 0.021094 0.045312
0 0.164453 0.885547 0.019531 0.042969
0 0.787109 0.932031 0.016406 0.035937
0 0.363672 0.881641 0.011719 0.025781
0 0.123828 0.719141 0.011719 0.025781
0 0.506641 0.243359 0.019531 0.042969
0 0.613281 0.312891 0.017188 0.036719
0 0.183594 0.396875 0.014063 0.029687
0 0.554688 0.895703 0.018750 0.041406
