0 0.018750 0.475000 0.018750 0.040625
0 0.577344 0.306250 0.014063 0.031250
0 0.860156 0.548828 0.020313 0.041406
0 0.785547 0.644141 0.021094 0.046094
0 0.689063 0.610547 0.015625 0.033594
0 0.645312 0.645312 0.012500 0.026562
0 0.573828 0.335547 0.014844 0.032031
0 0.554297 0.516016 0.019531 0.039844
0 0.176172 0.500781 0.017969 0.037500
0 0.461719 0.719141 0.017188 0.035156
0 0.720703 0.341797 0.016406 0.035156
0 0.280078 0.830078 0.019531 0.039844
0 0.363281 0.944141 0.020313 0.041406
0 0.798438 0.651953 0.017188 0.035156
0 0.775781 0.736328 0.015625 0.033594
0 0.428125 0.550781 0.018750 0.040625
0 0.492578 0.946875 0.016406 0.034375
0 0.224219 0.579688 0.014063 0.029687
0 0.389062 0.441406 0.015625 0.032813
0 0.103125 0.404297 0.014063 0.028906
