0 0.598828 0.968750 0.021094 0.043750
0 0.023047 0.462109 0.021094 0.044531
0 0.103125 0.091797 0.014063 0.030469
0 0.392188 0.078125 0.015625 0.034375
0 0.484766 0.085156 0.013281 0.029687
0 0.858984 0.211719 0.013281 0.029687
0 0.699609 0.664844 0.019531 0.042188
0 0.842969 0.932031 0.014063 0.029687
0 0.199609 0.973828 0.011719 0.025781
0 0.357422 0.768750 0.016406 0.034375
0 0.131250 0.657813 0.014063 0.031250
0 0.107031 0.217188 0.015625 0.034375
0 0.841016 0.282813 0.013281 0.029687
0 0.061328 0.450781 0.013281 0.028125
0 0.739844 0.870313 0.021875 0.046875
