0 0.985547 0.579688 0.013281 0.028125
0 0.644141 0.436328 0.019531 0.039844
0 0.100000 0.201563 0.018750 0.039062
0 0.766406 0.079297 0.012500 0.027344
0 0.867969 0.581641 0.018750 0.039844
0 0.866406 0.948438 0.017188 0.037500
0 0.617188 0.690625 0.018750 0.040625
0 0.129297 0.293359 0.019531 0.039844
0 0.357422 0.178125 0.021094 0.043750
0 0.242578 0.814453 0.014844 0.032031
0 0.600781 0.677344 0.012500 0.026562
0 0.727344 0.848047 0.012500 0.027344
0 0.776563 0.635938 0.020313 0.042188
0 0.699609 0.433984 0.021094 0.046094
0 0.123047 0.675781 0.017969 0.037500
0 0.146875 0.257812 0.020313 0.043750
0 0.139844 0.694531 0.020313 0.043750
0 0.462891 0.346484 0.017969 0.038281
0 0.660156 0.189453 0.014063 0.030469
0 0.653125 0.942969 0.018750 0.039062
0 0.810156 0.667969 0.018750 0.040625
