0 0.237109 0.331641 0.019531 0.042969
0 0.072266 0.842187 0.014844 0.031250
0 0.758203 0.237109 0.017969 0.036719
0 0.364063 0.977344 0.015625 0.032813
0 0.355078 0.587500 0.016406 0.035937
0 0.838281 0.189453 0.015625 0.032031
0 0.555078 0.398047 0.019531 0.039844
0 0.348047 0.321875 0.021094 0.045312
0 0.544531 0.263672 0.017188 0.036719
0 0.480859 0.877734 0.016406 0.035156
0 0.794531 0.194531 0.017188 0.035937
0 0.038672 0.975000 0.022656 0.046875
0 0.011719 0.926562 0.021875 0.045312
0 0.519141 0.172656 0.013281 0.029687
0 0.762109 0.396484 0.013281 0.028906
0 0.714844 0.240234 0.018750 0.039844
0 0.666016 0.628516 0.017969 0.038281
0 0.354297 0.401172 0.019531 0.041406
0 0.931641 0.780469 0.014844 0.031250
0 0.346875 0.910937 0.017188 0.037500
0 0.334766 0.546094 0.016406 0.034375
