0 0.851562 0.271484 0.012500 0.027344
0 0.253516 0.744141 0.021094 0.046094
0 0.928516 0.432812 0.014844 0.032813
0 0.048047 0.263281 0.014844 0.031250
0 0.430859 0.950391 0.019531 0.041406
0 0.254297 0.520312 0.017969 0.039062
0 0.737500 0.378125 0.015625 0.034375
0 0.247656 0.299219 0.012500 0.028125
0 0.371094 0.272266 0.012500 0.027344
0 0.022266 0.376953 0.021094 0.046094
0 0.516016 0.051953 0.013281 0.028906
0 0.119531 0.255078 0.020313 0.044531
0 0.892578 0.571875 0.017969 0.039062
0 0.322266 0.276562 0.014844 0.032813
0 0.685547 0.480859 0.013281 0.028906
0 0.197656 0.737500 0.015625 0.032813
0 0.551953 0.828906 0.013281 0.028125
0 0.628906 0.546875 0.017188 0.035937
0 0.050391 0.275781 0.016406 0.034375
0 0.349609 0.711328 0.016406 0.035156
0 0.095703 0.361719 0.013281 0.029687
0 0.516406 0.355078 0.020313 0.044531
0 0.752734 0.396484 0.014844 0.032031
0 0.146875 0.285938 0.017188 0.037500
0 0.965625 0.384375 0.015625 0.034375
0 0.861328 0.398438 0.021094 0.045312
0 0.288672 0.385547 0.021094 0.046094
0 0.466406 0.472656 0.020313 0.043750
