0 0.762140 0.442861 0.003828 0.011969
0 0.488213 0.621117 0.004030 0.012254
0 0.539794 0.819464 0.004433 0.013394
0 0.693230 0.439156 0.005037 0.015389
0 0.569313 0.502565 0.004634 0.014534
0 0.945497 0.684953 0.004231 0.012824
0 0.466452 0.230265 0.004030 0.011399
0 0.510175 0.138359 0.004030 0.012254
0 0.874673 0.656597 0.003627 0.010829
0 0.744711 0.379880 0.003627 0.010829
0 0.955974 0.069108 0.003828 0.011684
0 0.060145 0.094329 0.003828 0.011399
0 0.802841 0.645341 0.004634 0.013964
0 0.460609 0.993588 0.003627 0.011114
0 0.431493 0.172841 0.004231 0.012824
