0 0.843359 0.033203 0.021094 0.046094
0 0.536328 0.569141 0.019531 0.041406
0 0.176172 0.781250 0.022656 0.046875
0 0.682422 0.246094 0.014844 0.032813
0 0.010156 0.849609 0.015625 0.033594
0 0.966406 0.573047 0.020313 0.041406
0 0.301563 0.446094 0.014063 0.031250
0 0.096484 0.052734 0.021094 0.044531
0 0.451562 0.667578 0.020313 0.042969
0 0.454688 0.201172 0.012500 0.027344
0 0.160156 0.898047 0.020313 0.044531
0 0.527734 0.488672 0.022656 0.047656
0 0.537500 0.181250 0.018750 0.040625
0 0.082812 0.939453 0.012500 0.027344
0 0.606250 0.073047 0.020313 0.044531
0 0.556250 0.093359 0.014063 0.030469
0 0.478906 0.348438 0.018750 0.040625
0 0.424609 0.114062 0.016406 0.034375
0 0.586719 0.479687 0.020313 0.043750
0 0.191016 0.931641 0.014844 0.032031
0 0.098437 0.113672 0.015625 0.033594
0 0.477344 0.816016 0.012500 0.027344
0 0.144922 0.455859 0.021094 0.046094
0 0.207813 0.900391 0.017188 0.036719
0 0.242969 0.677344 0.018750 0.040625
0 0.521484 0.072656 0.016406 0.035937
0 0.075781 0.734375 0.012500 0.026562
