0 0.933594 0.106641 0.020313 0.044531
0 0.025391 0.678516 0.019531 0.041406
0 0.079297 0.597656 0.013281 0.028125
0 0.879687 0.980469 0.012500 0.026562
0 0.056641 0.214844 0.013281 0.028125
0 0.572656 0.658984 0.017188 0.036719
0 0.105859 0.217969 0.019531 0.040625
0 0.296484 0.484375 0.011719 0.026562
0 0.263281 0.016797 0.012500 0.027344
0 0.293359 0.214844 0.011719 0.025000
0 0.175000 0.816797 0.014063 0.030469
0 0.165625 0.537500 0.017188 0.037500
0 0.906250 0.319922 0.018750 0.041406
0 0.244922 0.560937 0.017969 0.039062
0 0.905859 0.507031 0.017969 0.039062
0 0.160938 0.777344 0.017188 0.037500
0 0.642969 0.283984 0.021875 0.044531
0 0.360938 0.232813 0.015625 0.034375
0 0.808984 0.143359 0.016406 0.035156
0 0.784766 0.779687 0.021094 0.045312
0 0.114844 0.217969 0.018750 0.039062
0 0.813672 0.126172 0.017969 0.038281
0 0.151172 0.823828 0.014844 0.032031
0 0.686328 0.682031 0.019531 0.042188
0 0.443359 0.326562 0.021094 0.045312
0 0.726562 0.896484 0.012500 0.027344
