0 0.334766 0.698828 0.014844 0.032031
0 0.961328 0.780859 0.022656 0.046094
0 0.093359 0.425000 0.014844 0.032813
0 0.589844 0.812891 0.015625 0.033594
0 0.382812 0.709375 0.015625 0.032813
0 0.985547 0.363672 0.021094 0.046094
0 0.689844 0.604297 0.015625 0.032031
0 0.756641 0.436719 0.011719 0.025000
0 0.125000 0.932813 0.015625 0.034375
0 0.485938 0.440625 0.020313 0.043750
0 0.651563 0.504687 0.014063 0.029687
0 0.582422 0.328516 0.021094 0.046094
0 0.823047 0.960938 0.021094 0.045312
0 0.408594 0.725000 0.021875 0.046875
0 0.123047 0.717187 0.016406 0.035937
