0 0.733984 0.032031 0.013281 0.028125
0 0.250391 0.194922 0.017969 0.038281
0 0.230859 0.290234 0.013281 0.028906
0 0.601953 0.713672 0.016406 0.035156
0 0.961719 0.555859 0.021875 0.046094
0 0.257422 0.723047 0.017969 0.038281
0 0.807031 0.610547 0.017188 0.036719
0 0.816016 0.671484 0.021094 0.042969
0 0.932813 0.788281 0.014063 0.031250
0 0.687891 0.714063 0.013281 0.028125
0 0.073047 0.129688 0.021094 0.045312
0 0.958203 0.528906 0.017969 0.039062
0 0.110156 0.889844 0.012500 0.028125
0 0.537500 0.046094 0.012500 0.026562
0 0.213672 0.613672 0.017969 0.038281
0 0.708984 0.338672 0.016406 0.035156
0 0.113672 0.832031 0.017969 0.039062
