0 0.560156 0.501953 0.012500 0.027344
0 0.573828 0.901172 0.014844 0.030469
0 0.571875 0.330859 0.018750 0.039844
0 0.978516 0.775391 0.019531 0.041406
0 0.135547 0.266016 0.017969 0.038281
0 0.144141 0.964453 0.013281 0.028906
0 0.901563 0.246484 0.018750 0.041406
0 0.236328 0.476562 0.017969 0.039062
0 0.685156 0.468750 0.020313 0.042188
0 0.585156 0.420312 0.012500 0.026562
0 0.846875 0.337500 0.012500 0.026562
0 0.920703 0.768359 0.021094 0.046094
0 0.153906 0.828906 0.012500 0.026562
0 0.062891 0.376172 0.017969 0.038281
0 0.692969 0.778125 0.012500 0.026562
