0 0.358594 0.842187 0.020313 0.043750
0 0.577344 0.845313 0.012500 0.026562
0 0.098828 0.174609 0.021094 0.046094
0 0.934375 0.035547 0.017188 0.036719
0 0.855859 0.255469 0.021094 0.045312
0 0.806641 0.640234 0.022656 0.046094
0 0.554688 0.168750 0.018750 0.040625
0 0.589844 0.199219 0.021875 0.046875
0 0.386719 0.816406 0.021875 0.046875
0 0.701562 0.771484 0.020313 0.042969
0 0.223438 0.842578 0.014063 0.028906
0 0.531641 0.858203 0.016406 0.035156
0 0.889453 0.789844 0.022656 0.046875
0 0.763281 0.512109 0.012500 0.027344
0 0.674609 0.261328 0.011719 0.025781
0 0.580078 0.953906 0.013281 0.028125
0 0.433594 0.075781 0.014063 0.029687
