0 0.320703 0.060937 0.016406 0.035937
0 0.335938 0.099609 0.012500 0.027344
0 0.828125 0.060937 0.017188 0.037500
0 0.781641 0.037109 0.021094 0.046094
0 0.317188 0.095312 0.014063 0.029687
0 0.563672 0.305469 0.019531 0.042188
0 0.215625 0.559766 0.012500 0.027344
0 0.126562 0.659375 0.021875 0.046875
0 0.709375 0.290234 0.012500 0.027344
0 0.592969 0.912891 0.012500 0.027344
0 0.247266 0.021875 0.014844 0.031250
0 0.483594 0.606641 0.012500 0.027344
0 0.848828 0.261328 0.021094 0.046094
0 0.989062 0.827734 0.020313 0.042969
0 0.963672 0.814063 0.021094 0.043750
0 0.610156 0.728906 0.017188 0.037500
0 0.634375 0.473047 0.018750 0.039844
0 0.332813 0.037500 0.021875 0.045312
0 0.315625 0.833984 0.015625 0.033594
0 0.485156 0.064062 0.015625 0.034375
0 0.596484 0.344922 0.017969 0.038281
0 0.708203 0.920312 0.019531 0.042188
0 0.625391 0.967187 0.021094 0.045312
0 0.679688 0.266406 0.015625 0.034375
0 0.645703 0.184375 0.021094 0.045312
