0 0.236147 0.165147 0.003627 0.010544
0 0.248841 0.559561 0.004433 0.012824
0 0.206226 0.586349 0.004231 0.012824
0 0.694842 0.632659 0.003828 0.011969
0 0.577977 0.461670 0.003828 0.011399
0 0.793774 0.614848 0.005037 0.015104
0 0.014004 0.967085 0.004231 0.012824
0 0.826818 0.651895 0.004231 0.012824
0 0.734838 0.549159 0.004030 0.011969
0 0.147693 0.419350 0.004030 0.012254
0 0.621701 0.146480 0.004634 0.014249
0 0.620492 0.237390 0.004634 0.014249
0 0.012190 0.100313 0.004634 0.014249
0 0.511384 0.017384 0.003627 0.011399
0 0.623313 0.788686 0.003828 0.011684
